# Generated by Corsen version 0.14
# Generated on Fri Jun 16 14:08:23 CEST 2006
# Image file name:F:\microscopie\image article\atp16\c1\atp16cy3c1
# Image created on Mon Jan 23 10:39:12 CET 2006
# Min threshold: 1234.0
# Max threshold: 2043.0
Dimensions	143.0	124.0	41.0
Name	Center	Barycenter	Volume	Intensity	Surface points	Inner points
atp16cy3c1-2	68.121216,67.030304,14.666667,0	68.32826,67.135345,14.7474985,574	113.0	64954	(69.0,66.0,12.0,0),(69.0,69.0,12.0,0),(66.0,69.0,12.0,0),(66.0,68.0,12.0,0),(67.0,68.0,12.0,0),(67.0,67.0,12.0,0),(68.0,67.0,12.0,0),(68.0,66.0,12.0,0),(70.0,65.0,13.0,0),(70.0,70.0,13.0,0),(67.0,70.0,13.0,0),(67.0,69.0,13.0,0),(66.0,69.0,13.0,0),(66.0,65.0,13.0,0),(69.0,64.0,14.0,0),(69.0,65.0,14.0,0),(70.0,65.0,14.0,0),(70.0,66.0,14.0,0),(71.0,66.0,14.0,0),(71.0,69.0,14.0,0),(70.0,69.0,14.0,0),(70.0,70.0,14.0,0),(66.0,70.0,14.0,0),(66.0,69.0,14.0,0),(65.0,69.0,14.0,0),(65.0,68.0,14.0,0),(66.0,68.0,14.0,0),(66.0,65.0,14.0,0),(68.0,65.0,14.0,0),(68.0,64.0,14.0,0),(70.0,64.0,15.0,0),(70.0,65.0,15.0,0),(71.0,65.0,15.0,0),(71.0,69.0,15.0,0),(70.0,69.0,15.0,0),(70.0,70.0,15.0,0),(67.0,70.0,15.0,0),(67.0,69.0,15.0,0),(66.0,69.0,15.0,0),(66.0,67.0,15.0,0),(65.0,67.0,15.0,0),(65.0,66.0,15.0,0),(66.0,66.0,15.0,0),(66.0,65.0,15.0,0),(68.0,65.0,15.0,0),(68.0,64.0,15.0,0),(70.0,64.0,16.0,0),(70.0,65.0,16.0,0),(71.0,65.0,16.0,0),(71.0,68.0,16.0,0),(70.0,68.0,16.0,0),(70.0,69.0,16.0,0),(66.0,69.0,16.0,0),(66.0,65.0,16.0,0),(68.0,65.0,16.0,0),(68.0,64.0,16.0,0),(71.0,65.0,17.0,0),(71.0,68.0,17.0,0),(70.0,68.0,17.0,0),(70.0,69.0,17.0,0),(68.0,69.0,17.0,0),(68.0,68.0,17.0,0),(66.0,68.0,17.0,0),(66.0,66.0,17.0,0),(67.0,66.0,17.0,0),(67.0,65.0,17.0,0)	(68.5,66.5,12.0,571),(67.5,67.5,12.0,578),(68.5,67.5,12.0,599),(66.5,68.5,12.0,575),(67.5,68.5,12.0,576),(68.5,68.5,12.0,572),(66.5,65.5,13.0,558),(67.5,65.5,13.0,592),(68.5,65.5,13.0,562),(69.5,65.5,13.0,603),(66.5,66.5,13.0,577),(67.5,66.5,13.0,579),(68.5,66.5,13.0,566),(69.5,66.5,13.0,587),(66.5,67.5,13.0,573),(67.5,67.5,13.0,576),(68.5,67.5,13.0,568),(69.5,67.5,13.0,583),(66.5,68.5,13.0,584),(67.5,68.5,13.0,592),(68.5,68.5,13.0,580),(69.5,68.5,13.0,563),(67.5,69.5,13.0,575),(68.5,69.5,13.0,579),(69.5,69.5,13.0,580),(68.5,64.5,14.0,567),(66.5,65.5,14.0,580),(67.5,65.5,14.0,582),(68.5,65.5,14.0,580),(69.5,65.5,14.0,574),(66.5,66.5,14.0,572),(67.5,66.5,14.0,580),(68.5,66.5,14.0,589),(69.5,66.5,14.0,590),(70.5,66.5,14.0,582),(66.5,67.5,14.0,572),(67.5,67.5,14.0,555),(68.5,67.5,14.0,590),(69.5,67.5,14.0,555),(70.5,67.5,14.0,593),(65.5,68.5,14.0,589),(66.5,68.5,14.0,565),(67.5,68.5,14.0,570),(68.5,68.5,14.0,574),(69.5,68.5,14.0,555),(70.5,68.5,14.0,582),(66.5,69.5,14.0,578),(67.5,69.5,14.0,586),(68.5,69.5,14.0,568),(69.5,69.5,14.0,557),(68.5,64.5,15.0,573),(69.5,64.5,15.0,583),(66.5,65.5,15.0,579),(67.5,65.5,15.0,598),(68.5,65.5,15.0,561),(69.5,65.5,15.0,558),(70.5,65.5,15.0,565),(65.5,66.5,15.0,578),(66.5,66.5,15.0,589),(67.5,66.5,15.0,554),(68.5,66.5,15.0,574),(69.5,66.5,15.0,583),(70.5,66.5,15.0,559),(66.5,67.5,15.0,590),(67.5,67.5,15.0,585),(68.5,67.5,15.0,575),(69.5,67.5,15.0,568),(70.5,67.5,15.0,572),(66.5,68.5,15.0,572),(67.5,68.5,15.0,579),(68.5,68.5,15.0,566),(69.5,68.5,15.0,588),(70.5,68.5,15.0,583),(67.5,69.5,15.0,573),(68.5,69.5,15.0,569),(69.5,69.5,15.0,562),(68.5,64.5,16.0,575),(69.5,64.5,16.0,562),(66.5,65.5,16.0,593),(67.5,65.5,16.0,568),(68.5,65.5,16.0,586),(69.5,65.5,16.0,567),(70.5,65.5,16.0,558),(66.5,66.5,16.0,581),(67.5,66.5,16.0,577),(68.5,66.5,16.0,578),(69.5,66.5,16.0,590),(70.5,66.5,16.0,563),(66.5,67.5,16.0,568),(67.5,67.5,16.0,569),(68.5,67.5,16.0,568),(69.5,67.5,16.0,575),(70.5,67.5,16.0,577),(66.5,68.5,16.0,570),(67.5,68.5,16.0,578),(68.5,68.5,16.0,558),(69.5,68.5,16.0,558),(67.5,65.5,17.0,576),(68.5,65.5,17.0,594),(69.5,65.5,17.0,588),(70.5,65.5,17.0,568),(66.5,66.5,17.0,567),(67.5,66.5,17.0,584),(68.5,66.5,17.0,567),(69.5,66.5,17.0,562),(70.5,66.5,17.0,560),(66.5,67.5,17.0,570),(67.5,67.5,17.0,568),(68.5,67.5,17.0,563),(69.5,67.5,17.0,573),(70.5,67.5,17.0,576),(68.5,68.5,17.0,568),(69.5,68.5,17.0,582)
atp16cy3c1-11	100.75,77.666664,18.25,0	100.71287,77.77558,18.359528,570	33.0	18833	(101.0,76.0,17.0,0),(101.0,77.0,17.0,0),(102.0,77.0,17.0,0),(102.0,79.0,17.0,0),(99.0,79.0,17.0,0),(99.0,77.0,17.0,0),(100.0,77.0,17.0,0),(100.0,76.0,17.0,0),(102.0,76.0,18.0,0),(102.0,80.0,18.0,0),(100.0,80.0,18.0,0),(100.0,79.0,18.0,0),(99.0,79.0,18.0,0),(99.0,76.0,18.0,0),(102.0,76.0,19.0,0),(102.0,77.0,19.0,0),(103.0,77.0,19.0,0),(103.0,79.0,19.0,0),(99.0,79.0,19.0,0),(99.0,76.0,19.0,0),(102.0,77.0,20.0,0),(102.0,79.0,20.0,0),(100.0,79.0,20.0,0),(100.0,77.0,20.0,0)	(100.5,76.5,17.0,576),(99.5,77.5,17.0,567),(100.5,77.5,17.0,584),(101.5,77.5,17.0,567),(99.5,78.5,17.0,570),(100.5,78.5,17.0,568),(101.5,78.5,17.0,563),(99.5,76.5,18.0,590),(100.5,76.5,18.0,565),(101.5,76.5,18.0,575),(99.5,77.5,18.0,567),(100.5,77.5,18.0,563),(101.5,77.5,18.0,587),(99.5,78.5,18.0,564),(100.5,78.5,18.0,585),(101.5,78.5,18.0,584),(100.5,79.5,18.0,586),(101.5,79.5,18.0,570),(99.5,76.5,19.0,578),(100.5,76.5,19.0,530),(101.5,76.5,19.0,561),(99.5,77.5,19.0,572),(100.5,77.5,19.0,566),(101.5,77.5,19.0,586),(102.5,77.5,19.0,570),(99.5,78.5,19.0,554),(100.5,78.5,19.0,579),(101.5,78.5,19.0,574),(102.5,78.5,19.0,568),(100.5,77.5,20.0,559),(101.5,77.5,20.0,561),(100.5,78.5,20.0,577),(101.5,78.5,20.0,567)
atp16cy3c1-0	60.22222,71.82222,16.8,0	60.59077,71.822975,16.64326,573	310.0	177874	(57.0,71.0,11.0,0),(57.0,72.0,11.0,0),(58.0,72.0,11.0,0),(58.0,75.0,11.0,0),(57.0,75.0,11.0,0),(57.0,74.0,11.0,0),(56.0,74.0,11.0,0),(56.0,71.0,11.0,0),(59.0,70.0,12.0,0),(59.0,72.0,12.0,0),(60.0,72.0,12.0,0),(60.0,74.0,12.0,0),(59.0,74.0,12.0,0),(59.0,75.0,12.0,0),(55.0,75.0,12.0,0),(55.0,71.0,12.0,0),(56.0,71.0,12.0,0),(56.0,70.0,12.0,0),(60.0,69.0,13.0,0),(60.0,71.0,13.0,0),(61.0,71.0,13.0,0),(61.0,74.0,13.0,0),(60.0,74.0,13.0,0),(60.0,75.0,13.0,0),(56.0,75.0,13.0,0),(56.0,74.0,13.0,0),(55.0,74.0,13.0,0),(55.0,71.0,13.0,0),(56.0,71.0,13.0,0),(56.0,70.0,13.0,0),(57.0,70.0,13.0,0),(57.0,69.0,13.0,0),(59.0,69.0,14.0,0),(59.0,70.0,14.0,0),(61.0,70.0,14.0,0),(61.0,74.0,14.0,0),(60.0,74.0,14.0,0),(60.0,75.0,14.0,0),(56.0,75.0,14.0,0),(56.0,74.0,14.0,0),(55.0,74.0,14.0,0),(55.0,72.0,14.0,0),(56.0,72.0,14.0,0),(56.0,70.0,14.0,0),(57.0,70.0,14.0,0),(57.0,69.0,14.0,0),(59.0,69.0,15.0,0),(59.0,70.0,15.0,0),(60.0,70.0,15.0,0),(60.0,69.0,15.0,0),(61.0,69.0,15.0,0),(61.0,70.0,15.0,0),(63.0,70.0,15.0,0),(63.0,73.0,15.0,0),(62.0,73.0,15.0,0),(62.0,74.0,15.0,0),(59.0,74.0,15.0,0),(59.0,75.0,15.0,0),(57.0,75.0,15.0,0),(57.0,74.0,15.0,0),(56.0,74.0,15.0,0),(56.0,73.0,15.0,0),(55.0,73.0,15.0,0),(55.0,72.0,15.0,0),(56.0,72.0,15.0,0),(56.0,70.0,15.0,0),(58.0,70.0,15.0,0),(58.0,69.0,15.0,0),(63.0,68.0,16.0,0),(63.0,70.0,16.0,0),(64.0,70.0,16.0,0),(64.0,74.0,16.0,0),(63.0,74.0,16.0,0),(63.0,75.0,16.0,0),(61.0,75.0,16.0,0),(61.0,74.0,16.0,0),(58.0,74.0,16.0,0),(58.0,73.0,16.0,0),(57.0,73.0,16.0,0),(57.0,72.0,16.0,0),(56.0,72.0,16.0,0),(56.0,71.0,16.0,0),(58.0,71.0,16.0,0),(58.0,70.0,16.0,0),(60.0,70.0,16.0,0),(60.0,69.0,16.0,0),(62.0,69.0,16.0,0),(62.0,68.0,16.0,0),(64.0,68.0,17.0,0),(64.0,69.0,17.0,0),(65.0,69.0,17.0,0),(65.0,73.0,17.0,0),(64.0,73.0,17.0,0),(64.0,74.0,17.0,0),(63.0,74.0,17.0,0),(63.0,75.0,17.0,0),(61.0,75.0,17.0,0),(61.0,74.0,17.0,0),(60.0,74.0,17.0,0),(60.0,73.0,17.0,0),(59.0,73.0,17.0,0),(59.0,71.0,17.0,0),(60.0,71.0,17.0,0),(60.0,69.0,17.0,0),(61.0,69.0,17.0,0),(61.0,68.0,17.0,0),(64.0,68.0,18.0,0),(64.0,69.0,18.0,0),(65.0,69.0,18.0,0),(65.0,70.0,18.0,0),(66.0,70.0,18.0,0),(66.0,71.0,18.0,0),(65.0,71.0,18.0,0),(65.0,74.0,18.0,0),(64.0,74.0,18.0,0),(64.0,75.0,18.0,0),(61.0,75.0,18.0,0),(61.0,74.0,18.0,0),(60.0,74.0,18.0,0),(60.0,69.0,18.0,0),(61.0,69.0,18.0,0),(61.0,68.0,18.0,0),(64.0,68.0,19.0,0),(64.0,69.0,19.0,0),(65.0,69.0,19.0,0),(65.0,70.0,19.0,0),(66.0,70.0,19.0,0),(66.0,73.0,19.0,0),(65.0,73.0,19.0,0),(65.0,74.0,19.0,0),(60.0,74.0,19.0,0),(60.0,69.0,19.0,0),(61.0,69.0,19.0,0),(61.0,68.0,19.0,0),(65.0,69.0,20.0,0),(65.0,70.0,20.0,0),(66.0,70.0,20.0,0),(66.0,73.0,20.0,0),(65.0,73.0,20.0,0),(65.0,74.0,20.0,0),(60.0,74.0,20.0,0),(60.0,73.0,20.0,0),(58.0,73.0,20.0,0),(58.0,72.0,20.0,0),(59.0,72.0,20.0,0),(59.0,70.0,20.0,0),(60.0,70.0,20.0,0),(60.0,69.0,20.0,0),(60.0,69.0,21.0,0),(60.0,70.0,21.0,0),(66.0,70.0,21.0,0),(66.0,72.0,21.0,0),(67.0,72.0,21.0,0),(67.0,73.0,21.0,0),(64.0,73.0,21.0,0),(64.0,74.0,21.0,0),(62.0,74.0,21.0,0),(62.0,73.0,21.0,0),(61.0,73.0,21.0,0),(61.0,74.0,21.0,0),(59.0,74.0,21.0,0),(59.0,73.0,21.0,0),(58.0,73.0,21.0,0),(58.0,70.0,21.0,0),(59.0,70.0,21.0,0),(59.0,69.0,21.0,0),(59.0,70.0,22.0,0),(59.0,71.0,22.0,0),(58.0,71.0,22.0,0),(58.0,70.0,22.0,0),(60.0,72.0,22.0,0),(60.0,73.0,22.0,0),(59.0,73.0,22.0,0),(59.0,74.0,22.0,0),(60.0,74.0,22.0,0),(60.0,75.0,22.0,0),(59.0,75.0,22.0,0),(59.0,74.0,22.0,0),(58.0,74.0,22.0,0),(58.0,72.0,22.0,0)	(56.5,71.5,11.0,570),(56.5,72.5,11.0,597),(57.5,72.5,11.0,568),(56.5,73.5,11.0,569),(57.5,73.5,11.0,582),(57.5,74.5,11.0,576),(56.5,70.5,12.0,589),(57.5,70.5,12.0,571),(58.5,70.5,12.0,587),(55.5,71.5,12.0,579),(56.5,71.5,12.0,578),(57.5,71.5,12.0,599),(58.5,71.5,12.0,586),(55.5,72.5,12.0,575),(56.5,72.5,12.0,576),(57.5,72.5,12.0,572),(58.5,72.5,12.0,550),(59.5,72.5,12.0,596),(55.5,73.5,12.0,601),(56.5,73.5,12.0,556),(57.5,73.5,12.0,569),(58.5,73.5,12.0,599),(59.5,73.5,12.0,616),(55.5,74.5,12.0,590),(56.5,74.5,12.0,618),(57.5,74.5,12.0,599),(58.5,74.5,12.0,586),(57.5,69.5,13.0,562),(58.5,69.5,13.0,603),(59.5,69.5,13.0,590),(56.5,70.5,13.0,579),(57.5,70.5,13.0,566),(58.5,70.5,13.0,587),(59.5,70.5,13.0,585),(55.5,71.5,13.0,573),(56.5,71.5,13.0,576),(57.5,71.5,13.0,568),(58.5,71.5,13.0,583),(59.5,71.5,13.0,585),(60.5,71.5,13.0,572),(55.5,72.5,13.0,584),(56.5,72.5,13.0,592),(57.5,72.5,13.0,580),(58.5,72.5,13.0,563),(59.5,72.5,13.0,585),(60.5,72.5,13.0,571),(55.5,73.5,13.0,599),(56.5,73.5,13.0,575),(57.5,73.5,13.0,579),(58.5,73.5,13.0,580),(59.5,73.5,13.0,618),(60.5,73.5,13.0,570),(56.5,74.5,13.0,595),(57.5,74.5,13.0,581),(58.5,74.5,13.0,579),(59.5,74.5,13.0,592),(57.5,69.5,14.0,569),(58.5,69.5,14.0,567),(56.5,70.5,14.0,580),(57.5,70.5,14.0,582),(58.5,70.5,14.0,580),(59.5,70.5,14.0,574),(60.5,70.5,14.0,574),(56.5,71.5,14.0,572),(57.5,71.5,14.0,580),(58.5,71.5,14.0,589),(59.5,71.5,14.0,590),(60.5,71.5,14.0,582),(55.5,72.5,14.0,577),(56.5,72.5,14.0,572),(57.5,72.5,14.0,555),(58.5,72.5,14.0,590),(59.5,72.5,14.0,555),(60.5,72.5,14.0,593),(55.5,73.5,14.0,589),(56.5,73.5,14.0,565),(57.5,73.5,14.0,570),(58.5,73.5,14.0,574),(59.5,73.5,14.0,555),(60.5,73.5,14.0,582),(56.5,74.5,14.0,578),(57.5,74.5,14.0,586),(58.5,74.5,14.0,568),(59.5,74.5,14.0,557),(58.5,69.5,15.0,573),(60.5,69.5,15.0,579),(56.5,70.5,15.0,579),(57.5,70.5,15.0,598),(58.5,70.5,15.0,561),(59.5,70.5,15.0,558),(60.5,70.5,15.0,565),(61.5,70.5,15.0,589),(62.5,70.5,15.0,601),(56.5,71.5,15.0,589),(57.5,71.5,15.0,554),(58.5,71.5,15.0,574),(59.5,71.5,15.0,583),(60.5,71.5,15.0,559),(61.5,71.5,15.0,585),(62.5,71.5,15.0,571),(55.5,72.5,15.0,545),(56.5,72.5,15.0,590),(57.5,72.5,15.0,585),(58.5,72.5,15.0,575),(59.5,72.5,15.0,568),(60.5,72.5,15.0,572),(61.5,72.5,15.0,578),(62.5,72.5,15.0,570),(56.5,73.5,15.0,572),(57.5,73.5,15.0,579),(58.5,73.5,15.0,566),(59.5,73.5,15.0,588),(60.5,73.5,15.0,583),(61.5,73.5,15.0,559),(57.5,74.5,15.0,573),(58.5,74.5,15.0,569),(62.5,68.5,16.0,580),(60.5,69.5,16.0,558),(61.5,69.5,16.0,582),(62.5,69.5,16.0,582),(58.5,70.5,16.0,578),(59.5,70.5,16.0,590),(60.5,70.5,16.0,563),(61.5,70.5,16.0,577),(62.5,70.5,16.0,570),(63.5,70.5,16.0,586),(56.5,71.5,16.0,568),(57.5,71.5,16.0,569),(58.5,71.5,16.0,568),(59.5,71.5,16.0,575),(60.5,71.5,16.0,577),(61.5,71.5,16.0,591),(62.5,71.5,16.0,594),(63.5,71.5,16.0,594),(57.5,72.5,16.0,578),(58.5,72.5,16.0,558),(59.5,72.5,16.0,558),(60.5,72.5,16.0,572),(61.5,72.5,16.0,591),(62.5,72.5,16.0,559),(63.5,72.5,16.0,561),(58.5,73.5,16.0,583),(59.5,73.5,16.0,544),(60.5,73.5,16.0,570),(61.5,73.5,16.0,590),(62.5,73.5,16.0,579),(63.5,73.5,16.0,585),(61.5,74.5,16.0,599),(62.5,74.5,16.0,571),(61.5,68.5,17.0,594),(62.5,68.5,17.0,588),(63.5,68.5,17.0,568),(60.5,69.5,17.0,584),(61.5,69.5,17.0,567),(62.5,69.5,17.0,562),(63.5,69.5,17.0,560),(64.5,69.5,17.0,570),(60.5,70.5,17.0,568),(61.5,70.5,17.0,563),(62.5,70.5,17.0,573),(63.5,70.5,17.0,576),(64.5,70.5,17.0,563),(59.5,71.5,17.0,562),(60.5,71.5,17.0,580),(61.5,71.5,17.0,568),(62.5,71.5,17.0,582),(63.5,71.5,17.0,583),(64.5,71.5,17.0,575),(59.5,72.5,17.0,567),(60.5,72.5,17.0,579),(61.5,72.5,17.0,563),(62.5,72.5,17.0,576),(63.5,72.5,17.0,560),(64.5,72.5,17.0,548),(60.5,73.5,17.0,580),(61.5,73.5,17.0,579),(62.5,73.5,17.0,591),(63.5,73.5,17.0,569),(61.5,74.5,17.0,582),(62.5,74.5,17.0,584),(61.5,68.5,18.0,565),(62.5,68.5,18.0,575),(63.5,68.5,18.0,602),(60.5,69.5,18.0,567),(61.5,69.5,18.0,563),(62.5,69.5,18.0,587),(63.5,69.5,18.0,579),(64.5,69.5,18.0,581),(60.5,70.5,18.0,564),(61.5,70.5,18.0,585),(62.5,70.5,18.0,584),(63.5,70.5,18.0,561),(64.5,70.5,18.0,549),(65.5,70.5,18.0,580),(60.5,71.5,18.0,574),(61.5,71.5,18.0,586),(62.5,71.5,18.0,570),(63.5,71.5,18.0,585),(64.5,71.5,18.0,555),(60.5,72.5,18.0,570),(61.5,72.5,18.0,574),(62.5,72.5,18.0,595),(63.5,72.5,18.0,578),(64.5,72.5,18.0,579),(60.5,73.5,18.0,567),(61.5,73.5,18.0,566),(62.5,73.5,18.0,589),(63.5,73.5,18.0,556),(64.5,73.5,18.0,553),(61.5,74.5,18.0,572),(62.5,74.5,18.0,557),(63.5,74.5,18.0,565),(61.5,68.5,19.0,530),(62.5,68.5,19.0,561),(63.5,68.5,19.0,575),(60.5,69.5,19.0,572),(61.5,69.5,19.0,566),(62.5,69.5,19.0,586),(63.5,69.5,19.0,570),(64.5,69.5,19.0,547),(60.5,70.5,19.0,554),(61.5,70.5,19.0,579),(62.5,70.5,19.0,574),(63.5,70.5,19.0,568),(64.5,70.5,19.0,557),(65.5,70.5,19.0,589),(60.5,71.5,19.0,555),(61.5,71.5,19.0,555),(62.5,71.5,19.0,578),(63.5,71.5,19.0,564),(64.5,71.5,19.0,585),(65.5,71.5,19.0,570),(60.5,72.5,19.0,556),(61.5,72.5,19.0,573),(62.5,72.5,19.0,563),(63.5,72.5,19.0,589),(64.5,72.5,19.0,562),(65.5,72.5,19.0,560),(60.5,73.5,19.0,588),(61.5,73.5,19.0,589),(62.5,73.5,19.0,591),(63.5,73.5,19.0,557),(64.5,73.5,19.0,577),(60.5,69.5,20.0,561),(61.5,69.5,20.0,564),(62.5,69.5,20.0,565),(63.5,69.5,20.0,542),(64.5,69.5,20.0,546),(59.5,70.5,20.0,567),(60.5,70.5,20.0,589),(61.5,70.5,20.0,589),(62.5,70.5,20.0,569),(63.5,70.5,20.0,592),(64.5,70.5,20.0,569),(65.5,70.5,20.0,593),(59.5,71.5,20.0,574),(60.5,71.5,20.0,584),(61.5,71.5,20.0,563),(62.5,71.5,20.0,602),(63.5,71.5,20.0,568),(64.5,71.5,20.0,538),(65.5,71.5,20.0,558),(58.5,72.5,20.0,577),(59.5,72.5,20.0,577),(60.5,72.5,20.0,558),(61.5,72.5,20.0,563),(62.5,72.5,20.0,542),(63.5,72.5,20.0,562),(64.5,72.5,20.0,571),(65.5,72.5,20.0,560),(60.5,73.5,20.0,576),(61.5,73.5,20.0,558),(62.5,73.5,20.0,564),(63.5,73.5,20.0,560),(64.5,73.5,20.0,570),(59.5,69.5,21.0,555),(58.5,70.5,21.0,545),(59.5,70.5,21.0,590),(60.5,70.5,21.0,552),(61.5,70.5,21.0,576),(62.5,70.5,21.0,561),(63.5,70.5,21.0,566),(64.5,70.5,21.0,583),(65.5,70.5,21.0,574),(58.5,71.5,21.0,553),(59.5,71.5,21.0,556),(60.5,71.5,21.0,547),(61.5,71.5,21.0,558),(62.5,71.5,21.0,573),(63.5,71.5,21.0,586),(64.5,71.5,21.0,561),(65.5,71.5,21.0,562),(58.5,72.5,21.0,568),(59.5,72.5,21.0,552),(60.5,72.5,21.0,572),(61.5,72.5,21.0,567),(62.5,72.5,21.0,558),(63.5,72.5,21.0,573),(64.5,72.5,21.0,580),(65.5,72.5,21.0,568),(66.5,72.5,21.0,581),(59.5,73.5,21.0,605),(60.5,73.5,21.0,549),(62.5,73.5,21.0,552),(63.5,73.5,21.0,568),(58.5,70.5,22.0,584),(58.5,72.5,22.0,584),(59.5,72.5,22.0,540),(58.5,73.5,22.0,589),(59.5,74.5,22.0,557)
atp16cy3c1-12	86.34615,49.53846,20.038462,0	86.32167,49.580757,20.047909,568	78.0	44356	(87.0,48.0,18.0,0),(87.0,51.0,18.0,0),(86.0,51.0,18.0,0),(86.0,52.0,18.0,0),(85.0,52.0,18.0,0),(85.0,51.0,18.0,0),(84.0,51.0,18.0,0),(84.0,49.0,18.0,0),(85.0,49.0,18.0,0),(85.0,48.0,18.0,0),(87.0,47.0,19.0,0),(87.0,48.0,19.0,0),(88.0,48.0,19.0,0),(88.0,52.0,19.0,0),(85.0,52.0,19.0,0),(85.0,51.0,19.0,0),(84.0,51.0,19.0,0),(84.0,48.0,19.0,0),(85.0,48.0,19.0,0),(85.0,47.0,19.0,0),(88.0,47.0,20.0,0),(88.0,48.0,20.0,0),(89.0,48.0,20.0,0),(89.0,51.0,20.0,0),(88.0,51.0,20.0,0),(88.0,52.0,20.0,0),(84.0,52.0,20.0,0),(84.0,48.0,20.0,0),(85.0,48.0,20.0,0),(85.0,47.0,20.0,0),(88.0,47.0,21.0,0),(88.0,48.0,21.0,0),(89.0,48.0,21.0,0),(89.0,51.0,21.0,0),(88.0,51.0,21.0,0),(88.0,52.0,21.0,0),(85.0,52.0,21.0,0),(85.0,51.0,21.0,0),(84.0,51.0,21.0,0),(84.0,48.0,21.0,0),(85.0,48.0,21.0,0),(85.0,47.0,21.0,0),(88.0,48.0,22.0,0),(88.0,49.0,22.0,0),(89.0,49.0,22.0,0),(89.0,50.0,22.0,0),(88.0,50.0,22.0,0),(88.0,51.0,22.0,0),(86.0,51.0,22.0,0),(86.0,50.0,22.0,0),(85.0,50.0,22.0,0),(85.0,48.0,22.0,0)	(85.5,48.5,18.0,565),(86.5,48.5,18.0,575),(84.5,49.5,18.0,567),(85.5,49.5,18.0,563),(86.5,49.5,18.0,587),(84.5,50.5,18.0,564),(85.5,50.5,18.0,585),(86.5,50.5,18.0,584),(85.5,51.5,18.0,586),(85.5,47.5,19.0,530),(86.5,47.5,19.0,561),(84.5,48.5,19.0,572),(85.5,48.5,19.0,566),(86.5,48.5,19.0,586),(87.5,48.5,19.0,570),(84.5,49.5,19.0,554),(85.5,49.5,19.0,579),(86.5,49.5,19.0,574),(87.5,49.5,19.0,568),(84.5,50.5,19.0,555),(85.5,50.5,19.0,555),(86.5,50.5,19.0,578),(87.5,50.5,19.0,564),(85.5,51.5,19.0,573),(86.5,51.5,19.0,563),(87.5,51.5,19.0,589),(85.5,47.5,20.0,561),(86.5,47.5,20.0,561),(87.5,47.5,20.0,564),(84.5,48.5,20.0,577),(85.5,48.5,20.0,567),(86.5,48.5,20.0,589),(87.5,48.5,20.0,589),(88.5,48.5,20.0,569),(84.5,49.5,20.0,566),(85.5,49.5,20.0,574),(86.5,49.5,20.0,584),(87.5,49.5,20.0,563),(88.5,49.5,20.0,602),(84.5,50.5,20.0,577),(85.5,50.5,20.0,577),(86.5,50.5,20.0,558),(87.5,50.5,20.0,563),(88.5,50.5,20.0,542),(84.5,51.5,20.0,570),(85.5,51.5,20.0,573),(86.5,51.5,20.0,576),(87.5,51.5,20.0,558),(85.5,47.5,21.0,555),(86.5,47.5,21.0,588),(87.5,47.5,21.0,553),(84.5,48.5,21.0,545),(85.5,48.5,21.0,590),(86.5,48.5,21.0,552),(87.5,48.5,21.0,576),(88.5,48.5,21.0,561),(84.5,49.5,21.0,553),(85.5,49.5,21.0,556),(86.5,49.5,21.0,547),(87.5,49.5,21.0,558),(88.5,49.5,21.0,573),(84.5,50.5,21.0,568),(85.5,50.5,21.0,552),(86.5,50.5,21.0,572),(87.5,50.5,21.0,567),(88.5,50.5,21.0,558),(85.5,51.5,21.0,605),(86.5,51.5,21.0,549),(87.5,51.5,21.0,574),(85.5,48.5,22.0,584),(86.5,48.5,22.0,540),(87.5,48.5,22.0,580),(85.5,49.5,22.0,589),(86.5,49.5,22.0,581),(87.5,49.5,22.0,562),(88.5,49.5,22.0,565),(86.5,50.5,22.0,557),(87.5,50.5,22.0,573)
atp16cy3c1-5	77.18421,79.76316,14.157895,0	77.17802,79.584045,14.154907,575	95.0	54639	(78.0,78.0,12.0,0),(78.0,80.0,12.0,0),(79.0,80.0,12.0,0),(79.0,81.0,12.0,0),(78.0,81.0,12.0,0),(78.0,82.0,12.0,0),(76.0,82.0,12.0,0),(76.0,81.0,12.0,0),(75.0,81.0,12.0,0),(75.0,79.0,12.0,0),(76.0,79.0,12.0,0),(76.0,78.0,12.0,0),(78.0,77.0,13.0,0),(78.0,78.0,13.0,0),(79.0,78.0,13.0,0),(79.0,79.0,13.0,0),(80.0,79.0,13.0,0),(80.0,80.0,13.0,0),(79.0,80.0,13.0,0),(79.0,82.0,13.0,0),(77.0,82.0,13.0,0),(77.0,83.0,13.0,0),(76.0,83.0,13.0,0),(76.0,82.0,13.0,0),(75.0,82.0,13.0,0),(75.0,78.0,13.0,0),(76.0,78.0,13.0,0),(76.0,77.0,13.0,0),(79.0,77.0,14.0,0),(79.0,78.0,14.0,0),(80.0,78.0,14.0,0),(80.0,80.0,14.0,0),(79.0,80.0,14.0,0),(79.0,82.0,14.0,0),(78.0,82.0,14.0,0),(78.0,83.0,14.0,0),(77.0,83.0,14.0,0),(77.0,82.0,14.0,0),(75.0,82.0,14.0,0),(75.0,81.0,14.0,0),(74.0,81.0,14.0,0),(74.0,79.0,14.0,0),(75.0,79.0,14.0,0),(75.0,77.0,14.0,0),(79.0,77.0,15.0,0),(79.0,78.0,15.0,0),(80.0,78.0,15.0,0),(80.0,81.0,15.0,0),(79.0,81.0,15.0,0),(79.0,82.0,15.0,0),(76.0,82.0,15.0,0),(76.0,81.0,15.0,0),(75.0,81.0,15.0,0),(75.0,80.0,15.0,0),(74.0,80.0,15.0,0),(74.0,79.0,15.0,0),(75.0,79.0,15.0,0),(75.0,78.0,15.0,0),(76.0,78.0,15.0,0),(76.0,77.0,15.0,0),(79.0,77.0,16.0,0),(79.0,78.0,16.0,0),(80.0,78.0,16.0,0),(80.0,80.0,16.0,0),(79.0,80.0,16.0,0),(79.0,81.0,16.0,0),(76.0,81.0,16.0,0),(76.0,80.0,16.0,0),(75.0,80.0,16.0,0),(75.0,78.0,16.0,0),(76.0,78.0,16.0,0),(76.0,77.0,16.0,0),(78.0,79.0,17.0,0),(78.0,80.0,17.0,0),(77.0,80.0,17.0,0),(77.0,79.0,17.0,0)	(76.5,78.5,12.0,589),(77.5,78.5,12.0,571),(75.5,79.5,12.0,579),(76.5,79.5,12.0,578),(77.5,79.5,12.0,599),(75.5,80.5,12.0,575),(76.5,80.5,12.0,576),(77.5,80.5,12.0,572),(78.5,80.5,12.0,550),(76.5,81.5,12.0,556),(77.5,81.5,12.0,569),(76.5,77.5,13.0,592),(77.5,77.5,13.0,562),(75.5,78.5,13.0,577),(76.5,78.5,13.0,579),(77.5,78.5,13.0,566),(78.5,78.5,13.0,587),(75.5,79.5,13.0,573),(76.5,79.5,13.0,576),(77.5,79.5,13.0,568),(78.5,79.5,13.0,583),(79.5,79.5,13.0,585),(75.5,80.5,13.0,584),(76.5,80.5,13.0,592),(77.5,80.5,13.0,580),(78.5,80.5,13.0,563),(75.5,81.5,13.0,599),(76.5,81.5,13.0,575),(77.5,81.5,13.0,579),(78.5,81.5,13.0,580),(76.5,82.5,13.0,595),(75.5,77.5,14.0,562),(76.5,77.5,14.0,569),(77.5,77.5,14.0,567),(78.5,77.5,14.0,569),(75.5,78.5,14.0,580),(76.5,78.5,14.0,582),(77.5,78.5,14.0,580),(78.5,78.5,14.0,574),(79.5,78.5,14.0,574),(74.5,79.5,14.0,575),(75.5,79.5,14.0,572),(76.5,79.5,14.0,580),(77.5,79.5,14.0,589),(78.5,79.5,14.0,590),(79.5,79.5,14.0,582),(74.5,80.5,14.0,577),(75.5,80.5,14.0,572),(76.5,80.5,14.0,555),(77.5,80.5,14.0,590),(78.5,80.5,14.0,555),(75.5,81.5,14.0,565),(76.5,81.5,14.0,570),(77.5,81.5,14.0,574),(78.5,81.5,14.0,555),(77.5,82.5,14.0,568),(76.5,77.5,15.0,596),(77.5,77.5,15.0,573),(78.5,77.5,15.0,583),(75.5,78.5,15.0,579),(76.5,78.5,15.0,598),(77.5,78.5,15.0,561),(78.5,78.5,15.0,558),(79.5,78.5,15.0,565),(74.5,79.5,15.0,578),(75.5,79.5,15.0,589),(76.5,79.5,15.0,554),(77.5,79.5,15.0,574),(78.5,79.5,15.0,583),(79.5,79.5,15.0,559),(75.5,80.5,15.0,590),(76.5,80.5,15.0,585),(77.5,80.5,15.0,575),(78.5,80.5,15.0,568),(79.5,80.5,15.0,572),(76.5,81.5,15.0,579),(77.5,81.5,15.0,566),(78.5,81.5,15.0,588),(76.5,77.5,16.0,569),(77.5,77.5,16.0,575),(78.5,77.5,16.0,562),(75.5,78.5,16.0,593),(76.5,78.5,16.0,568),(77.5,78.5,16.0,586),(78.5,78.5,16.0,567),(79.5,78.5,16.0,558),(75.5,79.5,16.0,581),(76.5,79.5,16.0,577),(77.5,79.5,16.0,578),(78.5,79.5,16.0,590),(79.5,79.5,16.0,563),(76.5,80.5,16.0,569),(77.5,80.5,16.0,568),(78.5,80.5,16.0,575),(77.5,79.5,17.0,552)
atp16cy3c1-19	65.5,67.5,22.0,0	65.5,67.5,22.0,584	1.0	584	(66.0,67.0,22.0,0),(66.0,68.0,22.0,0),(65.0,68.0,22.0,0),(65.0,67.0,22.0,0)	(65.5,67.5,22.0,584)
atp16cy3c1-17	49.185184,87.37037,22.518518,0	49.318073,87.33451,22.470715,566	66.0	37356	(51.0,85.0,21.0,0),(51.0,88.0,21.0,0),(50.0,88.0,21.0,0),(50.0,89.0,21.0,0),(49.0,89.0,21.0,0),(49.0,90.0,21.0,0),(48.0,90.0,21.0,0),(48.0,87.0,21.0,0),(47.0,87.0,21.0,0),(47.0,86.0,21.0,0),(48.0,86.0,21.0,0),(48.0,85.0,21.0,0),(51.0,85.0,22.0,0),(51.0,86.0,22.0,0),(52.0,86.0,22.0,0),(52.0,88.0,22.0,0),(51.0,88.0,22.0,0),(51.0,89.0,22.0,0),(50.0,89.0,22.0,0),(50.0,90.0,22.0,0),(47.0,90.0,22.0,0),(47.0,89.0,22.0,0),(46.0,89.0,22.0,0),(46.0,87.0,22.0,0),(47.0,87.0,22.0,0),(47.0,86.0,22.0,0),(48.0,86.0,22.0,0),(48.0,85.0,22.0,0),(51.0,85.0,23.0,0),(51.0,86.0,23.0,0),(52.0,86.0,23.0,0),(52.0,89.0,23.0,0),(50.0,89.0,23.0,0),(50.0,90.0,23.0,0),(49.0,90.0,23.0,0),(49.0,89.0,23.0,0),(47.0,89.0,23.0,0),(47.0,86.0,23.0,0),(49.0,86.0,23.0,0),(49.0,85.0,23.0,0),(50.0,85.0,24.0,0),(50.0,86.0,24.0,0),(52.0,86.0,24.0,0),(52.0,88.0,24.0,0),(51.0,88.0,24.0,0),(51.0,89.0,24.0,0),(48.0,89.0,24.0,0),(48.0,88.0,24.0,0),(47.0,88.0,24.0,0),(47.0,87.0,24.0,0),(48.0,87.0,24.0,0),(48.0,86.0,24.0,0),(49.0,86.0,24.0,0),(49.0,85.0,24.0,0)	(48.5,85.5,21.0,555),(49.5,85.5,21.0,588),(50.5,85.5,21.0,553),(47.5,86.5,21.0,545),(48.5,86.5,21.0,590),(49.5,86.5,21.0,552),(50.5,86.5,21.0,576),(48.5,87.5,21.0,556),(49.5,87.5,21.0,547),(50.5,87.5,21.0,558),(48.5,88.5,21.0,552),(49.5,88.5,21.0,572),(48.5,89.5,21.0,605),(48.5,85.5,22.0,580),(49.5,85.5,22.0,557),(50.5,85.5,22.0,559),(47.5,86.5,22.0,581),(48.5,86.5,22.0,562),(49.5,86.5,22.0,565),(50.5,86.5,22.0,572),(51.5,86.5,22.0,571),(46.5,87.5,22.0,579),(47.5,87.5,22.0,557),(48.5,87.5,22.0,573),(49.5,87.5,22.0,552),(50.5,87.5,22.0,554),(51.5,87.5,22.0,584),(46.5,88.5,22.0,532),(47.5,88.5,22.0,567),(48.5,88.5,22.0,572),(49.5,88.5,22.0,576),(50.5,88.5,22.0,571),(47.5,89.5,22.0,566),(48.5,89.5,22.0,564),(49.5,89.5,22.0,556),(49.5,85.5,23.0,571),(50.5,85.5,23.0,547),(47.5,86.5,23.0,567),(48.5,86.5,23.0,566),(49.5,86.5,23.0,567),(50.5,86.5,23.0,573),(51.5,86.5,23.0,560),(47.5,87.5,23.0,561),(48.5,87.5,23.0,593),(49.5,87.5,23.0,567),(50.5,87.5,23.0,575),(51.5,87.5,23.0,557),(47.5,88.5,23.0,563),(48.5,88.5,23.0,575),(49.5,88.5,23.0,532),(50.5,88.5,23.0,572),(51.5,88.5,23.0,563),(49.5,89.5,23.0,572),(49.5,85.5,24.0,552),(48.5,86.5,24.0,561),(49.5,86.5,24.0,583),(50.5,86.5,24.0,572),(51.5,86.5,24.0,558),(47.5,87.5,24.0,562),(48.5,87.5,24.0,598),(49.5,87.5,24.0,573),(50.5,87.5,24.0,553),(51.5,87.5,24.0,574),(48.5,88.5,24.0,559),(49.5,88.5,24.0,564),(50.5,88.5,24.0,567)
atp16cy3c1-4	41.535713,74.14286,13.964286,0	41.43925,73.98135,13.7401285,578	90.0	52068	(43.0,72.0,12.0,0),(43.0,76.0,12.0,0),(42.0,76.0,12.0,0),(42.0,77.0,12.0,0),(40.0,77.0,12.0,0),(40.0,76.0,12.0,0),(39.0,76.0,12.0,0),(39.0,73.0,12.0,0),(40.0,73.0,12.0,0),(40.0,72.0,12.0,0),(42.0,71.0,13.0,0),(42.0,72.0,13.0,0),(44.0,72.0,13.0,0),(44.0,75.0,13.0,0),(43.0,75.0,13.0,0),(43.0,76.0,13.0,0),(42.0,76.0,13.0,0),(42.0,77.0,13.0,0),(40.0,77.0,13.0,0),(40.0,76.0,13.0,0),(39.0,76.0,13.0,0),(39.0,72.0,13.0,0),(40.0,72.0,13.0,0),(40.0,71.0,13.0,0),(43.0,71.0,14.0,0),(43.0,72.0,14.0,0),(44.0,72.0,14.0,0),(44.0,76.0,14.0,0),(43.0,76.0,14.0,0),(43.0,77.0,14.0,0),(41.0,77.0,14.0,0),(41.0,76.0,14.0,0),(39.0,76.0,14.0,0),(39.0,72.0,14.0,0),(41.0,72.0,14.0,0),(41.0,71.0,14.0,0),(44.0,72.0,15.0,0),(44.0,75.0,15.0,0),(43.0,75.0,15.0,0),(43.0,76.0,15.0,0),(40.0,76.0,15.0,0),(40.0,75.0,15.0,0),(39.0,75.0,15.0,0),(39.0,72.0,15.0,0),(43.0,72.0,16.0,0),(43.0,73.0,16.0,0),(44.0,73.0,16.0,0),(44.0,74.0,16.0,0),(43.0,74.0,16.0,0),(43.0,75.0,16.0,0),(41.0,75.0,16.0,0),(41.0,74.0,16.0,0),(40.0,74.0,16.0,0),(40.0,73.0,16.0,0),(41.0,73.0,16.0,0),(41.0,72.0,16.0,0)	(40.5,72.5,12.0,589),(41.5,72.5,12.0,571),(42.5,72.5,12.0,587),(39.5,73.5,12.0,579),(40.5,73.5,12.0,578),(41.5,73.5,12.0,599),(42.5,73.5,12.0,586),(39.5,74.5,12.0,575),(40.5,74.5,12.0,576),(41.5,74.5,12.0,572),(42.5,74.5,12.0,550),(39.5,75.5,12.0,601),(40.5,75.5,12.0,556),(41.5,75.5,12.0,569),(42.5,75.5,12.0,599),(40.5,76.5,12.0,618),(41.5,76.5,12.0,599),(40.5,71.5,13.0,592),(41.5,71.5,13.0,562),(39.5,72.5,13.0,577),(40.5,72.5,13.0,579),(41.5,72.5,13.0,566),(42.5,72.5,13.0,587),(43.5,72.5,13.0,585),(39.5,73.5,13.0,573),(40.5,73.5,13.0,576),(41.5,73.5,13.0,568),(42.5,73.5,13.0,583),(43.5,73.5,13.0,585),(39.5,74.5,13.0,584),(40.5,74.5,13.0,592),(41.5,74.5,13.0,580),(42.5,74.5,13.0,563),(43.5,74.5,13.0,585),(39.5,75.5,13.0,599),(40.5,75.5,13.0,575),(41.5,75.5,13.0,579),(42.5,75.5,13.0,580),(40.5,76.5,13.0,595),(41.5,76.5,13.0,581),(41.5,71.5,14.0,569),(42.5,71.5,14.0,567),(39.5,72.5,14.0,594),(40.5,72.5,14.0,580),(41.5,72.5,14.0,582),(42.5,72.5,14.0,580),(43.5,72.5,14.0,574),(39.5,73.5,14.0,575),(40.5,73.5,14.0,572),(41.5,73.5,14.0,580),(42.5,73.5,14.0,589),(43.5,73.5,14.0,590),(39.5,74.5,14.0,577),(40.5,74.5,14.0,572),(41.5,74.5,14.0,555),(42.5,74.5,14.0,590),(43.5,74.5,14.0,555),(39.5,75.5,14.0,589),(40.5,75.5,14.0,565),(41.5,75.5,14.0,570),(42.5,75.5,14.0,574),(43.5,75.5,14.0,555),(41.5,76.5,14.0,586),(42.5,76.5,14.0,568),(39.5,72.5,15.0,550),(40.5,72.5,15.0,582),(41.5,72.5,15.0,596),(42.5,72.5,15.0,573),(43.5,72.5,15.0,583),(39.5,73.5,15.0,589),(40.5,73.5,15.0,579),(41.5,73.5,15.0,598),(42.5,73.5,15.0,561),(43.5,73.5,15.0,558),(39.5,74.5,15.0,578),(40.5,74.5,15.0,589),(41.5,74.5,15.0,554),(42.5,74.5,15.0,574),(43.5,74.5,15.0,583),(40.5,75.5,15.0,590),(41.5,75.5,15.0,585),(42.5,75.5,15.0,575),(41.5,72.5,16.0,569),(42.5,72.5,16.0,575),(40.5,73.5,16.0,593),(41.5,73.5,16.0,568),(42.5,73.5,16.0,586),(43.5,73.5,16.0,567),(41.5,74.5,16.0,577),(42.5,74.5,16.0,578)
atp16cy3c1-27	53.0,90.666664,30.25,0	52.933758,90.56949,30.552647,562	58.0	32652	(53.0,88.0,29.0,0),(53.0,89.0,29.0,0),(54.0,89.0,29.0,0),(54.0,90.0,29.0,0),(55.0,90.0,29.0,0),(55.0,91.0,29.0,0),(54.0,91.0,29.0,0),(54.0,92.0,29.0,0),(53.0,92.0,29.0,0),(53.0,93.0,29.0,0),(52.0,93.0,29.0,0),(52.0,92.0,29.0,0),(51.0,92.0,29.0,0),(51.0,89.0,29.0,0),(52.0,89.0,29.0,0),(52.0,88.0,29.0,0),(54.0,88.0,30.0,0),(54.0,89.0,30.0,0),(55.0,89.0,30.0,0),(55.0,92.0,30.0,0),(54.0,92.0,30.0,0),(54.0,93.0,30.0,0),(52.0,93.0,30.0,0),(52.0,92.0,30.0,0),(51.0,92.0,30.0,0),(51.0,89.0,30.0,0),(52.0,89.0,30.0,0),(52.0,88.0,30.0,0),(54.0,88.0,31.0,0),(54.0,89.0,31.0,0),(55.0,89.0,31.0,0),(55.0,92.0,31.0,0),(54.0,92.0,31.0,0),(54.0,93.0,31.0,0),(52.0,93.0,31.0,0),(52.0,92.0,31.0,0),(51.0,92.0,31.0,0),(51.0,89.0,31.0,0),(52.0,89.0,31.0,0),(52.0,88.0,31.0,0),(55.0,89.0,32.0,0),(55.0,92.0,32.0,0),(54.0,92.0,32.0,0),(54.0,93.0,32.0,0),(52.0,93.0,32.0,0),(52.0,92.0,32.0,0),(51.0,92.0,32.0,0),(51.0,89.0,32.0,0)	(52.5,88.5,29.0,551),(51.5,89.5,29.0,538),(52.5,89.5,29.0,572),(53.5,89.5,29.0,571),(51.5,90.5,29.0,573),(52.5,90.5,29.0,584),(53.5,90.5,29.0,558),(54.5,90.5,29.0,555),(51.5,91.5,29.0,541),(52.5,91.5,29.0,558),(53.5,91.5,29.0,578),(52.5,92.5,29.0,567),(52.5,88.5,30.0,561),(53.5,88.5,30.0,575),(51.5,89.5,30.0,570),(52.5,89.5,30.0,572),(53.5,89.5,30.0,544),(54.5,89.5,30.0,556),(51.5,90.5,30.0,552),(52.5,90.5,30.0,557),(53.5,90.5,30.0,544),(54.5,90.5,30.0,577),(51.5,91.5,30.0,560),(52.5,91.5,30.0,574),(53.5,91.5,30.0,579),(54.5,91.5,30.0,561),(52.5,92.5,30.0,567),(53.5,92.5,30.0,576),(52.5,88.5,31.0,556),(53.5,88.5,31.0,551),(51.5,89.5,31.0,564),(52.5,89.5,31.0,565),(53.5,89.5,31.0,552),(54.5,89.5,31.0,591),(51.5,90.5,31.0,564),(52.5,90.5,31.0,551),(53.5,90.5,31.0,563),(54.5,90.5,31.0,558),(51.5,91.5,31.0,564),(52.5,91.5,31.0,565),(53.5,91.5,31.0,551),(54.5,91.5,31.0,579),(52.5,92.5,31.0,563),(53.5,92.5,31.0,534),(51.5,89.5,32.0,560),(52.5,89.5,32.0,565),(53.5,89.5,32.0,564),(54.5,89.5,32.0,578),(51.5,90.5,32.0,568),(52.5,90.5,32.0,568),(53.5,90.5,32.0,565),(54.5,90.5,32.0,568),(51.5,91.5,32.0,567),(52.5,91.5,32.0,570),(53.5,91.5,32.0,559),(54.5,91.5,32.0,557),(52.5,92.5,32.0,561),(53.5,92.5,32.0,560)
atp16cy3c1-21	45.5,88.5,24.0,0	45.5,88.5,24.0,565	1.0	565	(46.0,88.0,24.0,0),(46.0,89.0,24.0,0),(45.0,89.0,24.0,0),(45.0,88.0,24.0,0)	(45.5,88.5,24.0,565)
atp16cy3c1-30	89.63636,59.545456,32.81818,0	89.58419,59.591248,32.607307,560	23.0	12888	(90.0,59.0,31.0,0),(90.0,61.0,31.0,0),(89.0,61.0,31.0,0),(89.0,59.0,31.0,0),(91.0,58.0,32.0,0),(91.0,61.0,32.0,0),(88.0,61.0,32.0,0),(88.0,58.0,32.0,0),(91.0,58.0,33.0,0),(91.0,61.0,33.0,0),(88.0,61.0,33.0,0),(88.0,59.0,33.0,0),(89.0,59.0,33.0,0),(89.0,58.0,33.0,0),(90.0,58.0,34.0,0),(90.0,59.0,34.0,0),(91.0,59.0,34.0,0),(91.0,60.0,34.0,0),(90.0,60.0,34.0,0),(90.0,61.0,34.0,0),(89.0,61.0,34.0,0),(89.0,58.0,34.0,0)	(89.5,59.5,31.0,536),(89.5,60.5,31.0,564),(88.5,58.5,32.0,560),(89.5,58.5,32.0,565),(90.5,58.5,32.0,564),(88.5,59.5,32.0,568),(89.5,59.5,32.0,568),(90.5,59.5,32.0,565),(88.5,60.5,32.0,567),(89.5,60.5,32.0,570),(90.5,60.5,32.0,559),(89.5,58.5,33.0,552),(90.5,58.5,33.0,532),(88.5,59.5,33.0,569),(89.5,59.5,33.0,555),(90.5,59.5,33.0,566),(88.5,60.5,33.0,559),(89.5,60.5,33.0,563),(90.5,60.5,33.0,581),(89.5,58.5,34.0,567),(89.5,59.5,34.0,564),(90.5,59.5,34.0,541),(89.5,60.5,34.0,553)
atp16cy3c1-28	63.592594,96.44444,31.74074,0	63.72785,96.252,31.736015,561	88.0	49431	(64.0,94.0,29.0,0),(64.0,95.0,29.0,0),(63.0,95.0,29.0,0),(63.0,94.0,29.0,0),(65.0,94.0,30.0,0),(65.0,95.0,30.0,0),(66.0,95.0,30.0,0),(66.0,98.0,30.0,0),(64.0,98.0,30.0,0),(64.0,99.0,30.0,0),(63.0,99.0,30.0,0),(63.0,98.0,30.0,0),(62.0,98.0,30.0,0),(62.0,94.0,30.0,0),(66.0,94.0,31.0,0),(66.0,98.0,31.0,0),(65.0,98.0,31.0,0),(65.0,99.0,31.0,0),(62.0,99.0,31.0,0),(62.0,98.0,31.0,0),(61.0,98.0,31.0,0),(61.0,95.0,31.0,0),(62.0,95.0,31.0,0),(62.0,94.0,31.0,0),(66.0,94.0,32.0,0),(66.0,98.0,32.0,0),(65.0,98.0,32.0,0),(65.0,99.0,32.0,0),(62.0,99.0,32.0,0),(62.0,98.0,32.0,0),(61.0,98.0,32.0,0),(61.0,95.0,32.0,0),(62.0,95.0,32.0,0),(62.0,94.0,32.0,0),(66.0,94.0,33.0,0),(66.0,95.0,33.0,0),(67.0,95.0,33.0,0),(67.0,97.0,33.0,0),(66.0,97.0,33.0,0),(66.0,98.0,33.0,0),(62.0,98.0,33.0,0),(62.0,97.0,33.0,0),(61.0,97.0,33.0,0),(61.0,95.0,33.0,0),(62.0,95.0,33.0,0),(62.0,94.0,33.0,0),(65.0,95.0,34.0,0),(65.0,97.0,34.0,0),(64.0,97.0,34.0,0),(64.0,98.0,34.0,0),(63.0,98.0,34.0,0),(63.0,97.0,34.0,0),(62.0,97.0,34.0,0),(62.0,95.0,34.0,0)	(63.5,94.5,29.0,565),(62.5,94.5,30.0,542),(63.5,94.5,30.0,561),(64.5,94.5,30.0,575),(62.5,95.5,30.0,570),(63.5,95.5,30.0,572),(64.5,95.5,30.0,544),(65.5,95.5,30.0,556),(62.5,96.5,30.0,552),(63.5,96.5,30.0,557),(64.5,96.5,30.0,544),(65.5,96.5,30.0,577),(62.5,97.5,30.0,560),(63.5,97.5,30.0,574),(64.5,97.5,30.0,579),(65.5,97.5,30.0,561),(63.5,98.5,30.0,567),(62.5,94.5,31.0,556),(63.5,94.5,31.0,551),(64.5,94.5,31.0,566),(65.5,94.5,31.0,559),(61.5,95.5,31.0,564),(62.5,95.5,31.0,565),(63.5,95.5,31.0,552),(64.5,95.5,31.0,591),(65.5,95.5,31.0,572),(61.5,96.5,31.0,564),(62.5,96.5,31.0,551),(63.5,96.5,31.0,563),(64.5,96.5,31.0,558),(65.5,96.5,31.0,567),(61.5,97.5,31.0,564),(62.5,97.5,31.0,565),(63.5,97.5,31.0,551),(64.5,97.5,31.0,579),(65.5,97.5,31.0,563),(62.5,98.5,31.0,563),(63.5,98.5,31.0,534),(64.5,98.5,31.0,590),(62.5,94.5,32.0,565),(63.5,94.5,32.0,564),(64.5,94.5,32.0,578),(65.5,94.5,32.0,574),(61.5,95.5,32.0,568),(62.5,95.5,32.0,568),(63.5,95.5,32.0,565),(64.5,95.5,32.0,568),(65.5,95.5,32.0,559),(61.5,96.5,32.0,567),(62.5,96.5,32.0,570),(63.5,96.5,32.0,559),(64.5,96.5,32.0,557),(65.5,96.5,32.0,547),(61.5,97.5,32.0,561),(62.5,97.5,32.0,561),(63.5,97.5,32.0,560),(64.5,97.5,32.0,566),(65.5,97.5,32.0,561),(62.5,98.5,32.0,560),(63.5,98.5,32.0,562),(64.5,98.5,32.0,570),(62.5,94.5,33.0,552),(63.5,94.5,33.0,532),(64.5,94.5,33.0,558),(65.5,94.5,33.0,570),(61.5,95.5,33.0,569),(62.5,95.5,33.0,555),(63.5,95.5,33.0,566),(64.5,95.5,33.0,529),(65.5,95.5,33.0,559),(66.5,95.5,33.0,534),(61.5,96.5,33.0,559),(62.5,96.5,33.0,563),(63.5,96.5,33.0,581),(64.5,96.5,33.0,554),(65.5,96.5,33.0,553),(66.5,96.5,33.0,572),(62.5,97.5,33.0,560),(63.5,97.5,33.0,539),(64.5,97.5,33.0,578),(65.5,97.5,33.0,555),(62.5,95.5,34.0,567),(63.5,95.5,34.0,563),(64.5,95.5,34.0,564),(62.5,96.5,34.0,564),(63.5,96.5,34.0,541),(64.5,96.5,34.0,572),(63.5,97.5,34.0,568)
atp16cy3c1-22	25.73913,88.608696,26.826086,0	25.855597,88.93293,27.274572,563	51.0	28732	(26.0,87.0,25.0,0),(26.0,88.0,25.0,0),(27.0,88.0,25.0,0),(27.0,89.0,25.0,0),(26.0,89.0,25.0,0),(26.0,90.0,25.0,0),(25.0,90.0,25.0,0),(25.0,89.0,25.0,0),(24.0,89.0,25.0,0),(24.0,88.0,25.0,0),(25.0,88.0,25.0,0),(25.0,87.0,25.0,0),(26.0,86.0,26.0,0),(26.0,87.0,26.0,0),(27.0,87.0,26.0,0),(27.0,90.0,26.0,0),(24.0,90.0,26.0,0),(24.0,87.0,26.0,0),(25.0,87.0,26.0,0),(25.0,86.0,26.0,0),(27.0,87.0,27.0,0),(27.0,88.0,27.0,0),(28.0,88.0,27.0,0),(28.0,89.0,27.0,0),(27.0,89.0,27.0,0),(27.0,91.0,27.0,0),(25.0,91.0,27.0,0),(25.0,90.0,27.0,0),(24.0,90.0,27.0,0),(24.0,87.0,27.0,0),(27.0,87.0,28.0,0),(27.0,88.0,28.0,0),(28.0,88.0,28.0,0),(28.0,91.0,28.0,0),(24.0,91.0,28.0,0),(24.0,88.0,28.0,0),(25.0,88.0,28.0,0),(25.0,87.0,28.0,0),(28.0,88.0,29.0,0),(28.0,91.0,29.0,0),(25.0,91.0,29.0,0),(25.0,90.0,29.0,0),(24.0,90.0,29.0,0),(24.0,89.0,29.0,0),(25.0,89.0,29.0,0),(25.0,88.0,29.0,0)	(25.5,87.5,25.0,566),(24.5,88.5,25.0,548),(25.5,88.5,25.0,551),(26.5,88.5,25.0,593),(25.5,89.5,25.0,564),(25.5,86.5,26.0,541),(24.5,87.5,26.0,580),(25.5,87.5,26.0,579),(26.5,87.5,26.0,559),(24.5,88.5,26.0,552),(25.5,88.5,26.0,548),(26.5,88.5,26.0,584),(24.5,89.5,26.0,554),(25.5,89.5,26.0,569),(26.5,89.5,26.0,560),(24.5,87.5,27.0,577),(25.5,87.5,27.0,552),(26.5,87.5,27.0,542),(24.5,88.5,27.0,562),(25.5,88.5,27.0,574),(26.5,88.5,27.0,589),(27.5,88.5,27.0,535),(24.5,89.5,27.0,564),(25.5,89.5,27.0,565),(26.5,89.5,27.0,563),(25.5,90.5,27.0,560),(26.5,90.5,27.0,586),(25.5,87.5,28.0,560),(26.5,87.5,28.0,552),(24.5,88.5,28.0,562),(25.5,88.5,28.0,550),(26.5,88.5,28.0,578),(27.5,88.5,28.0,566),(24.5,89.5,28.0,587),(25.5,89.5,28.0,562),(26.5,89.5,28.0,559),(27.5,89.5,28.0,584),(24.5,90.5,28.0,567),(25.5,90.5,28.0,530),(26.5,90.5,28.0,560),(27.5,90.5,28.0,554),(25.5,88.5,29.0,551),(26.5,88.5,29.0,564),(27.5,88.5,29.0,583),(24.5,89.5,29.0,538),(25.5,89.5,29.0,572),(26.5,89.5,29.0,571),(27.5,89.5,29.0,568),(25.5,90.5,29.0,584),(26.5,90.5,29.0,558),(27.5,90.5,29.0,555)
atp16cy3c1-10	65.129036,99.80645,18.096775,0	65.191345,99.84095,18.265438,572	97.0	55580	(65.0,98.0,16.0,0),(65.0,99.0,16.0,0),(66.0,99.0,16.0,0),(66.0,101.0,16.0,0),(63.0,101.0,16.0,0),(63.0,98.0,16.0,0),(65.0,97.0,17.0,0),(65.0,98.0,17.0,0),(67.0,98.0,17.0,0),(67.0,100.0,17.0,0),(68.0,100.0,17.0,0),(68.0,101.0,17.0,0),(66.0,101.0,17.0,0),(66.0,102.0,17.0,0),(63.0,102.0,17.0,0),(63.0,100.0,17.0,0),(62.0,100.0,17.0,0),(62.0,98.0,17.0,0),(64.0,98.0,17.0,0),(64.0,97.0,17.0,0),(66.0,97.0,18.0,0),(66.0,98.0,18.0,0),(68.0,98.0,18.0,0),(68.0,102.0,18.0,0),(66.0,102.0,18.0,0),(66.0,103.0,18.0,0),(65.0,103.0,18.0,0),(65.0,102.0,18.0,0),(63.0,102.0,18.0,0),(63.0,101.0,18.0,0),(62.0,101.0,18.0,0),(62.0,100.0,18.0,0),(61.0,100.0,18.0,0),(61.0,99.0,18.0,0),(62.0,99.0,18.0,0),(62.0,98.0,18.0,0),(64.0,98.0,18.0,0),(64.0,97.0,18.0,0),(67.0,97.0,19.0,0),(67.0,98.0,19.0,0),(68.0,98.0,19.0,0),(68.0,99.0,19.0,0),(69.0,99.0,19.0,0),(69.0,101.0,19.0,0),(68.0,101.0,19.0,0),(68.0,102.0,19.0,0),(66.0,102.0,19.0,0),(66.0,103.0,19.0,0),(65.0,103.0,19.0,0),(65.0,102.0,19.0,0),(63.0,102.0,19.0,0),(63.0,98.0,19.0,0),(65.0,98.0,19.0,0),(65.0,97.0,19.0,0),(68.0,98.0,20.0,0),(68.0,101.0,20.0,0),(67.0,101.0,20.0,0),(67.0,102.0,20.0,0),(63.0,102.0,20.0,0),(63.0,99.0,20.0,0),(64.0,99.0,20.0,0),(64.0,98.0,20.0,0)	(63.5,98.5,16.0,552),(64.5,98.5,16.0,569),(63.5,99.5,16.0,593),(64.5,99.5,16.0,568),(65.5,99.5,16.0,586),(63.5,100.5,16.0,581),(64.5,100.5,16.0,577),(65.5,100.5,16.0,578),(64.5,97.5,17.0,594),(62.5,98.5,17.0,567),(63.5,98.5,17.0,584),(64.5,98.5,17.0,567),(65.5,98.5,17.0,562),(66.5,98.5,17.0,560),(62.5,99.5,17.0,570),(63.5,99.5,17.0,568),(64.5,99.5,17.0,563),(65.5,99.5,17.0,573),(66.5,99.5,17.0,576),(63.5,100.5,17.0,580),(64.5,100.5,17.0,568),(65.5,100.5,17.0,582),(66.5,100.5,17.0,583),(67.5,100.5,17.0,575),(63.5,101.5,17.0,579),(64.5,101.5,17.0,563),(65.5,101.5,17.0,576),(64.5,97.5,18.0,602),(65.5,97.5,18.0,573),(62.5,98.5,18.0,563),(63.5,98.5,18.0,587),(64.5,98.5,18.0,579),(65.5,98.5,18.0,581),(66.5,98.5,18.0,569),(67.5,98.5,18.0,577),(61.5,99.5,18.0,564),(62.5,99.5,18.0,585),(63.5,99.5,18.0,584),(64.5,99.5,18.0,561),(65.5,99.5,18.0,549),(66.5,99.5,18.0,580),(67.5,99.5,18.0,588),(62.5,100.5,18.0,586),(63.5,100.5,18.0,570),(64.5,100.5,18.0,585),(65.5,100.5,18.0,555),(66.5,100.5,18.0,565),(67.5,100.5,18.0,586),(63.5,101.5,18.0,595),(64.5,101.5,18.0,578),(65.5,101.5,18.0,579),(66.5,101.5,18.0,575),(67.5,101.5,18.0,572),(65.5,102.5,18.0,553),(65.5,97.5,19.0,561),(66.5,97.5,19.0,575),(63.5,98.5,19.0,572),(64.5,98.5,19.0,566),(65.5,98.5,19.0,586),(66.5,98.5,19.0,570),(67.5,98.5,19.0,547),(63.5,99.5,19.0,554),(64.5,99.5,19.0,579),(65.5,99.5,19.0,574),(66.5,99.5,19.0,568),(67.5,99.5,19.0,557),(68.5,99.5,19.0,589),(63.5,100.5,19.0,555),(64.5,100.5,19.0,555),(65.5,100.5,19.0,578),(66.5,100.5,19.0,564),(67.5,100.5,19.0,585),(68.5,100.5,19.0,570),(63.5,101.5,19.0,556),(64.5,101.5,19.0,573),(65.5,101.5,19.0,563),(66.5,101.5,19.0,589),(67.5,101.5,19.0,562),(65.5,102.5,19.0,591),(64.5,98.5,20.0,561),(65.5,98.5,20.0,561),(66.5,98.5,20.0,564),(67.5,98.5,20.0,565),(63.5,99.5,20.0,577),(64.5,99.5,20.0,567),(65.5,99.5,20.0,589),(66.5,99.5,20.0,589),(67.5,99.5,20.0,569),(63.5,100.5,20.0,566),(64.5,100.5,20.0,574),(65.5,100.5,20.0,584),(66.5,100.5,20.0,563),(67.5,100.5,20.0,602),(63.5,101.5,20.0,577),(64.5,101.5,20.0,577),(65.5,101.5,20.0,558),(66.5,101.5,20.0,563)
atp16cy3c1-14	48.5,84.5,20.0,0	48.5,84.5,20.0,559	1.0	559	(49.0,84.0,20.0,0),(49.0,85.0,20.0,0),(48.0,85.0,20.0,0),(48.0,84.0,20.0,0)	(48.5,84.5,20.0,559)
atp16cy3c1-25	62.29032,49.29032,31.096775,0	62.22181,49.43702,31.047485,563	93.0	52396	(63.0,47.0,29.0,0),(63.0,48.0,29.0,0),(64.0,48.0,29.0,0),(64.0,51.0,29.0,0),(61.0,51.0,29.0,0),(61.0,50.0,29.0,0),(60.0,50.0,29.0,0),(60.0,49.0,29.0,0),(61.0,49.0,29.0,0),(61.0,48.0,29.0,0),(62.0,48.0,29.0,0),(62.0,47.0,29.0,0),(64.0,47.0,30.0,0),(64.0,48.0,30.0,0),(65.0,48.0,30.0,0),(65.0,51.0,30.0,0),(64.0,51.0,30.0,0),(64.0,52.0,30.0,0),(60.0,52.0,30.0,0),(60.0,48.0,30.0,0),(61.0,48.0,30.0,0),(61.0,47.0,30.0,0),(64.0,47.0,31.0,0),(64.0,48.0,31.0,0),(65.0,48.0,31.0,0),(65.0,51.0,31.0,0),(64.0,51.0,31.0,0),(64.0,52.0,31.0,0),(60.0,52.0,31.0,0),(60.0,51.0,31.0,0),(59.0,51.0,31.0,0),(59.0,49.0,31.0,0),(60.0,49.0,31.0,0),(60.0,47.0,31.0,0),(64.0,47.0,32.0,0),(64.0,48.0,32.0,0),(65.0,48.0,32.0,0),(65.0,50.0,32.0,0),(64.0,50.0,32.0,0),(64.0,51.0,32.0,0),(63.0,51.0,32.0,0),(63.0,52.0,32.0,0),(61.0,52.0,32.0,0),(61.0,51.0,32.0,0),(60.0,51.0,32.0,0),(60.0,50.0,32.0,0),(59.0,50.0,32.0,0),(59.0,49.0,32.0,0),(60.0,49.0,32.0,0),(60.0,47.0,32.0,0),(63.0,47.0,33.0,0),(63.0,48.0,33.0,0),(64.0,48.0,33.0,0),(64.0,49.0,33.0,0),(65.0,49.0,33.0,0),(65.0,50.0,33.0,0),(64.0,50.0,33.0,0),(64.0,51.0,33.0,0),(60.0,51.0,33.0,0),(60.0,48.0,33.0,0),(62.0,48.0,33.0,0),(62.0,47.0,33.0,0)	(62.5,47.5,29.0,564),(61.5,48.5,29.0,572),(62.5,48.5,29.0,571),(63.5,48.5,29.0,568),(60.5,49.5,29.0,573),(61.5,49.5,29.0,584),(62.5,49.5,29.0,558),(63.5,49.5,29.0,555),(61.5,50.5,29.0,558),(62.5,50.5,29.0,578),(63.5,50.5,29.0,591),(61.5,47.5,30.0,561),(62.5,47.5,30.0,575),(63.5,47.5,30.0,561),(60.5,48.5,30.0,570),(61.5,48.5,30.0,572),(62.5,48.5,30.0,544),(63.5,48.5,30.0,556),(64.5,48.5,30.0,542),(60.5,49.5,30.0,552),(61.5,49.5,30.0,557),(62.5,49.5,30.0,544),(63.5,49.5,30.0,577),(64.5,49.5,30.0,574),(60.5,50.5,30.0,560),(61.5,50.5,30.0,574),(62.5,50.5,30.0,579),(63.5,50.5,30.0,561),(64.5,50.5,30.0,560),(60.5,51.5,30.0,558),(61.5,51.5,30.0,567),(62.5,51.5,30.0,576),(63.5,51.5,30.0,563),(60.5,47.5,31.0,556),(61.5,47.5,31.0,551),(62.5,47.5,31.0,566),(63.5,47.5,31.0,559),(60.5,48.5,31.0,565),(61.5,48.5,31.0,552),(62.5,48.5,31.0,591),(63.5,48.5,31.0,572),(64.5,48.5,31.0,589),(59.5,49.5,31.0,564),(60.5,49.5,31.0,551),(61.5,49.5,31.0,563),(62.5,49.5,31.0,558),(63.5,49.5,31.0,567),(64.5,49.5,31.0,571),(59.5,50.5,31.0,564),(60.5,50.5,31.0,565),(61.5,50.5,31.0,551),(62.5,50.5,31.0,579),(63.5,50.5,31.0,563),(64.5,50.5,31.0,564),(60.5,51.5,31.0,563),(61.5,51.5,31.0,534),(62.5,51.5,31.0,590),(63.5,51.5,31.0,566),(60.5,47.5,32.0,565),(61.5,47.5,32.0,564),(62.5,47.5,32.0,578),(63.5,47.5,32.0,574),(60.5,48.5,32.0,568),(61.5,48.5,32.0,565),(62.5,48.5,32.0,568),(63.5,48.5,32.0,559),(64.5,48.5,32.0,565),(59.5,49.5,32.0,567),(60.5,49.5,32.0,570),(61.5,49.5,32.0,559),(62.5,49.5,32.0,557),(63.5,49.5,32.0,547),(64.5,49.5,32.0,553),(60.5,50.5,32.0,561),(61.5,50.5,32.0,560),(62.5,50.5,32.0,566),(63.5,50.5,32.0,561),(61.5,51.5,32.0,562),(62.5,51.5,32.0,570),(62.5,47.5,33.0,532),(60.5,48.5,33.0,569),(61.5,48.5,33.0,555),(62.5,48.5,33.0,566),(63.5,48.5,33.0,529),(60.5,49.5,33.0,559),(61.5,49.5,33.0,563),(62.5,49.5,33.0,581),(63.5,49.5,33.0,554),(64.5,49.5,33.0,553),(60.5,50.5,33.0,550),(61.5,50.5,33.0,560),(62.5,50.5,33.0,539),(63.5,50.5,33.0,578)
atp16cy3c1-15	68.04,87.56,22.08,0	67.90307,87.69868,22.215776,565	65.0	36788	(68.0,87.0,20.0,0),(68.0,88.0,20.0,0),(69.0,88.0,20.0,0),(69.0,89.0,20.0,0),(68.0,89.0,20.0,0),(68.0,90.0,20.0,0),(67.0,90.0,20.0,0),(67.0,89.0,20.0,0),(66.0,89.0,20.0,0),(66.0,87.0,20.0,0),(69.0,86.0,21.0,0),(69.0,87.0,21.0,0),(70.0,87.0,21.0,0),(70.0,89.0,21.0,0),(69.0,89.0,21.0,0),(69.0,90.0,21.0,0),(66.0,90.0,21.0,0),(66.0,86.0,21.0,0),(69.0,85.0,22.0,0),(69.0,86.0,22.0,0),(70.0,86.0,22.0,0),(70.0,89.0,22.0,0),(69.0,89.0,22.0,0),(69.0,90.0,22.0,0),(66.0,90.0,22.0,0),(66.0,86.0,22.0,0),(67.0,86.0,22.0,0),(67.0,85.0,22.0,0),(69.0,85.0,23.0,0),(69.0,86.0,23.0,0),(70.0,86.0,23.0,0),(70.0,89.0,23.0,0),(69.0,89.0,23.0,0),(69.0,90.0,23.0,0),(67.0,90.0,23.0,0),(67.0,89.0,23.0,0),(66.0,89.0,23.0,0),(66.0,86.0,23.0,0),(67.0,86.0,23.0,0),(67.0,85.0,23.0,0),(69.0,85.0,24.0,0),(69.0,86.0,24.0,0),(70.0,86.0,24.0,0),(70.0,89.0,24.0,0),(66.0,89.0,24.0,0),(66.0,87.0,24.0,0),(67.0,87.0,24.0,0),(67.0,86.0,24.0,0),(68.0,86.0,24.0,0),(68.0,85.0,24.0,0)	(66.5,87.5,20.0,559),(67.5,87.5,20.0,561),(66.5,88.5,20.0,577),(67.5,88.5,20.0,567),(68.5,88.5,20.0,589),(67.5,89.5,20.0,574),(66.5,86.5,21.0,569),(67.5,86.5,21.0,555),(68.5,86.5,21.0,588),(66.5,87.5,21.0,545),(67.5,87.5,21.0,590),(68.5,87.5,21.0,552),(69.5,87.5,21.0,576),(66.5,88.5,21.0,553),(67.5,88.5,21.0,556),(68.5,88.5,21.0,547),(69.5,88.5,21.0,558),(66.5,89.5,21.0,568),(67.5,89.5,21.0,552),(68.5,89.5,21.0,572),(67.5,85.5,22.0,540),(68.5,85.5,22.0,580),(66.5,86.5,22.0,589),(67.5,86.5,22.0,581),(68.5,86.5,22.0,562),(69.5,86.5,22.0,565),(66.5,87.5,22.0,579),(67.5,87.5,22.0,557),(68.5,87.5,22.0,573),(69.5,87.5,22.0,552),(66.5,88.5,22.0,532),(67.5,88.5,22.0,567),(68.5,88.5,22.0,572),(69.5,88.5,22.0,576),(66.5,89.5,22.0,551),(67.5,89.5,22.0,566),(68.5,89.5,22.0,564),(67.5,85.5,23.0,542),(68.5,85.5,23.0,571),(66.5,86.5,23.0,567),(67.5,86.5,23.0,566),(68.5,86.5,23.0,567),(69.5,86.5,23.0,573),(66.5,87.5,23.0,561),(67.5,87.5,23.0,593),(68.5,87.5,23.0,567),(69.5,87.5,23.0,575),(66.5,88.5,23.0,563),(67.5,88.5,23.0,575),(68.5,88.5,23.0,532),(69.5,88.5,23.0,572),(67.5,89.5,23.0,579),(68.5,89.5,23.0,572),(68.5,85.5,24.0,552),(67.5,86.5,24.0,561),(68.5,86.5,24.0,583),(69.5,86.5,24.0,572),(66.5,87.5,24.0,562),(67.5,87.5,24.0,598),(68.5,87.5,24.0,573),(69.5,87.5,24.0,553),(66.5,88.5,24.0,555),(67.5,88.5,24.0,559),(68.5,88.5,24.0,564),(69.5,88.5,24.0,567)
atp16cy3c1-9	57.414635,63.02439,16.731707,0	57.660496,63.001755,16.544165,574	135.0	77504	(58.0,61.0,14.0,0),(58.0,62.0,14.0,0),(59.0,62.0,14.0,0),(59.0,66.0,14.0,0),(56.0,66.0,14.0,0),(56.0,65.0,14.0,0),(55.0,65.0,14.0,0),(55.0,62.0,14.0,0),(56.0,62.0,14.0,0),(56.0,61.0,14.0,0),(58.0,60.0,15.0,0),(58.0,61.0,15.0,0),(59.0,61.0,15.0,0),(59.0,62.0,15.0,0),(60.0,62.0,15.0,0),(60.0,65.0,15.0,0),(59.0,65.0,15.0,0),(59.0,66.0,15.0,0),(56.0,66.0,15.0,0),(56.0,65.0,15.0,0),(55.0,65.0,15.0,0),(55.0,61.0,15.0,0),(57.0,61.0,15.0,0),(57.0,60.0,15.0,0),(59.0,60.0,16.0,0),(59.0,61.0,16.0,0),(60.0,61.0,16.0,0),(60.0,65.0,16.0,0),(59.0,65.0,16.0,0),(59.0,66.0,16.0,0),(56.0,66.0,16.0,0),(56.0,65.0,16.0,0),(55.0,65.0,16.0,0),(55.0,61.0,16.0,0),(56.0,61.0,16.0,0),(56.0,60.0,16.0,0),(60.0,60.0,17.0,0),(60.0,62.0,17.0,0),(61.0,62.0,17.0,0),(61.0,64.0,17.0,0),(60.0,64.0,17.0,0),(60.0,65.0,17.0,0),(58.0,65.0,17.0,0),(58.0,66.0,17.0,0),(57.0,66.0,17.0,0),(57.0,65.0,17.0,0),(56.0,65.0,17.0,0),(56.0,64.0,17.0,0),(55.0,64.0,17.0,0),(55.0,61.0,17.0,0),(56.0,61.0,17.0,0),(56.0,60.0,17.0,0),(59.0,60.0,18.0,0),(59.0,61.0,18.0,0),(61.0,61.0,18.0,0),(61.0,65.0,18.0,0),(56.0,65.0,18.0,0),(56.0,64.0,18.0,0),(55.0,64.0,18.0,0),(55.0,62.0,18.0,0),(56.0,62.0,18.0,0),(56.0,61.0,18.0,0),(57.0,61.0,18.0,0),(57.0,60.0,18.0,0),(60.0,61.0,19.0,0),(60.0,62.0,19.0,0),(61.0,62.0,19.0,0),(61.0,64.0,19.0,0),(59.0,64.0,19.0,0),(59.0,65.0,19.0,0),(58.0,65.0,19.0,0),(58.0,64.0,19.0,0),(56.0,64.0,19.0,0),(56.0,65.0,19.0,0),(55.0,65.0,19.0,0),(55.0,64.0,19.0,0),(54.0,64.0,19.0,0),(54.0,63.0,19.0,0),(55.0,63.0,19.0,0),(55.0,62.0,19.0,0),(56.0,62.0,19.0,0),(56.0,61.0,19.0,0)	(56.5,61.5,14.0,562),(57.5,61.5,14.0,569),(55.5,62.5,14.0,594),(56.5,62.5,14.0,580),(57.5,62.5,14.0,582),(58.5,62.5,14.0,580),(55.5,63.5,14.0,575),(56.5,63.5,14.0,572),(57.5,63.5,14.0,580),(58.5,63.5,14.0,589),(55.5,64.5,14.0,577),(56.5,64.5,14.0,572),(57.5,64.5,14.0,555),(58.5,64.5,14.0,590),(56.5,65.5,14.0,565),(57.5,65.5,14.0,570),(58.5,65.5,14.0,574),(57.5,60.5,15.0,596),(55.5,61.5,15.0,589),(56.5,61.5,15.0,579),(57.5,61.5,15.0,598),(58.5,61.5,15.0,561),(55.5,62.5,15.0,578),(56.5,62.5,15.0,589),(57.5,62.5,15.0,554),(58.5,62.5,15.0,574),(59.5,62.5,15.0,583),(55.5,63.5,15.0,545),(56.5,63.5,15.0,590),(57.5,63.5,15.0,585),(58.5,63.5,15.0,575),(59.5,63.5,15.0,568),(55.5,64.5,15.0,595),(56.5,64.5,15.0,572),(57.5,64.5,15.0,579),(58.5,64.5,15.0,566),(59.5,64.5,15.0,588),(56.5,65.5,15.0,580),(57.5,65.5,15.0,573),(58.5,65.5,15.0,569),(56.5,60.5,16.0,569),(57.5,60.5,16.0,575),(58.5,60.5,16.0,562),(55.5,61.5,16.0,593),(56.5,61.5,16.0,568),(57.5,61.5,16.0,586),(58.5,61.5,16.0,567),(59.5,61.5,16.0,558),(55.5,62.5,16.0,581),(56.5,62.5,16.0,577),(57.5,62.5,16.0,578),(58.5,62.5,16.0,590),(59.5,62.5,16.0,563),(55.5,63.5,16.0,568),(56.5,63.5,16.0,569),(57.5,63.5,16.0,568),(58.5,63.5,16.0,575),(59.5,63.5,16.0,577),(55.5,64.5,16.0,570),(56.5,64.5,16.0,578),(57.5,64.5,16.0,558),(58.5,64.5,16.0,558),(59.5,64.5,16.0,572),(56.5,65.5,16.0,605),(57.5,65.5,16.0,583),(58.5,65.5,16.0,544),(56.5,60.5,17.0,576),(57.5,60.5,17.0,594),(58.5,60.5,17.0,588),(59.5,60.5,17.0,568),(55.5,61.5,17.0,567),(56.5,61.5,17.0,584),(57.5,61.5,17.0,567),(58.5,61.5,17.0,562),(59.5,61.5,17.0,560),(55.5,62.5,17.0,570),(56.5,62.5,17.0,568),(57.5,62.5,17.0,563),(58.5,62.5,17.0,573),(59.5,62.5,17.0,576),(60.5,62.5,17.0,563),(55.5,63.5,17.0,562),(56.5,63.5,17.0,580),(57.5,63.5,17.0,568),(58.5,63.5,17.0,582),(59.5,63.5,17.0,583),(60.5,63.5,17.0,575),(56.5,64.5,17.0,579),(57.5,64.5,17.0,563),(58.5,64.5,17.0,576),(59.5,64.5,17.0,560),(57.5,65.5,17.0,579),(57.5,60.5,18.0,575),(58.5,60.5,18.0,602),(56.5,61.5,18.0,563),(57.5,61.5,18.0,587),(58.5,61.5,18.0,579),(59.5,61.5,18.0,581),(60.5,61.5,18.0,569),(55.5,62.5,18.0,564),(56.5,62.5,18.0,585),(57.5,62.5,18.0,584),(58.5,62.5,18.0,561),(59.5,62.5,18.0,549),(60.5,62.5,18.0,580),(55.5,63.5,18.0,574),(56.5,63.5,18.0,586),(57.5,63.5,18.0,570),(58.5,63.5,18.0,585),(59.5,63.5,18.0,555),(60.5,63.5,18.0,565),(56.5,64.5,18.0,574),(57.5,64.5,18.0,595),(58.5,64.5,18.0,578),(59.5,64.5,18.0,579),(60.5,64.5,18.0,575),(56.5,61.5,19.0,561),(57.5,61.5,19.0,575),(58.5,61.5,19.0,580),(59.5,61.5,19.0,576),(55.5,62.5,19.0,566),(56.5,62.5,19.0,586),(57.5,62.5,19.0,570),(58.5,62.5,19.0,547),(59.5,62.5,19.0,583),(60.5,62.5,19.0,561),(54.5,63.5,19.0,554),(55.5,63.5,19.0,579),(56.5,63.5,19.0,574),(57.5,63.5,19.0,568),(58.5,63.5,19.0,557),(59.5,63.5,19.0,589),(60.5,63.5,19.0,573),(55.5,64.5,19.0,555),(58.5,64.5,19.0,585)
atp16cy3c1-7	95.21429,92.2381,15.928572,0	95.120735,92.22165,15.880633,573	152.0	87185	(96.0,92.0,13.0,0),(96.0,93.0,13.0,0),(95.0,93.0,13.0,0),(95.0,94.0,13.0,0),(93.0,94.0,13.0,0),(93.0,92.0,13.0,0),(95.0,89.0,14.0,0),(95.0,90.0,14.0,0),(97.0,90.0,14.0,0),(97.0,95.0,14.0,0),(96.0,95.0,14.0,0),(96.0,96.0,14.0,0),(93.0,96.0,14.0,0),(93.0,95.0,14.0,0),(92.0,95.0,14.0,0),(92.0,91.0,14.0,0),(93.0,91.0,14.0,0),(93.0,90.0,14.0,0),(94.0,90.0,14.0,0),(94.0,89.0,14.0,0),(96.0,89.0,15.0,0),(96.0,90.0,15.0,0),(97.0,90.0,15.0,0),(97.0,91.0,15.0,0),(98.0,91.0,15.0,0),(98.0,94.0,15.0,0),(97.0,94.0,15.0,0),(97.0,95.0,15.0,0),(96.0,95.0,15.0,0),(96.0,96.0,15.0,0),(93.0,96.0,15.0,0),(93.0,95.0,15.0,0),(92.0,95.0,15.0,0),(92.0,91.0,15.0,0),(93.0,91.0,15.0,0),(93.0,89.0,15.0,0),(97.0,89.0,16.0,0),(97.0,90.0,16.0,0),(98.0,90.0,16.0,0),(98.0,94.0,16.0,0),(97.0,94.0,16.0,0),(97.0,95.0,16.0,0),(93.0,95.0,16.0,0),(93.0,94.0,16.0,0),(92.0,94.0,16.0,0),(92.0,91.0,16.0,0),(93.0,91.0,16.0,0),(93.0,89.0,16.0,0),(98.0,89.0,17.0,0),(98.0,91.0,17.0,0),(99.0,91.0,17.0,0),(99.0,92.0,17.0,0),(98.0,92.0,17.0,0),(98.0,93.0,17.0,0),(97.0,93.0,17.0,0),(97.0,94.0,17.0,0),(96.0,94.0,17.0,0),(96.0,95.0,17.0,0),(94.0,95.0,17.0,0),(94.0,94.0,17.0,0),(93.0,94.0,17.0,0),(93.0,93.0,17.0,0),(92.0,93.0,17.0,0),(92.0,91.0,17.0,0),(93.0,91.0,17.0,0),(93.0,90.0,17.0,0),(94.0,90.0,17.0,0),(94.0,89.0,17.0,0),(97.0,89.0,18.0,0),(97.0,90.0,18.0,0),(99.0,90.0,18.0,0),(99.0,93.0,18.0,0),(98.0,93.0,18.0,0),(98.0,94.0,18.0,0),(94.0,94.0,18.0,0),(94.0,93.0,18.0,0),(93.0,93.0,18.0,0),(93.0,90.0,18.0,0),(96.0,90.0,18.0,0),(96.0,89.0,18.0,0),(97.0,91.0,19.0,0),(97.0,93.0,19.0,0),(95.0,93.0,19.0,0),(95.0,91.0,19.0,0)	(93.5,92.5,13.0,558),(94.5,92.5,13.0,592),(95.5,92.5,13.0,562),(93.5,93.5,13.0,577),(94.5,93.5,13.0,579),(94.5,89.5,14.0,569),(93.5,90.5,14.0,580),(94.5,90.5,14.0,582),(95.5,90.5,14.0,580),(96.5,90.5,14.0,574),(92.5,91.5,14.0,575),(93.5,91.5,14.0,572),(94.5,91.5,14.0,580),(95.5,91.5,14.0,589),(96.5,91.5,14.0,590),(92.5,92.5,14.0,577),(93.5,92.5,14.0,572),(94.5,92.5,14.0,555),(95.5,92.5,14.0,590),(96.5,92.5,14.0,555),(92.5,93.5,14.0,589),(93.5,93.5,14.0,565),(94.5,93.5,14.0,570),(95.5,93.5,14.0,574),(96.5,93.5,14.0,555),(92.5,94.5,14.0,577),(93.5,94.5,14.0,578),(94.5,94.5,14.0,586),(95.5,94.5,14.0,568),(96.5,94.5,14.0,557),(93.5,95.5,14.0,576),(94.5,95.5,14.0,562),(95.5,95.5,14.0,543),(93.5,89.5,15.0,582),(94.5,89.5,15.0,596),(95.5,89.5,15.0,573),(93.5,90.5,15.0,579),(94.5,90.5,15.0,598),(95.5,90.5,15.0,561),(96.5,90.5,15.0,558),(92.5,91.5,15.0,578),(93.5,91.5,15.0,589),(94.5,91.5,15.0,554),(95.5,91.5,15.0,574),(96.5,91.5,15.0,583),(97.5,91.5,15.0,559),(92.5,92.5,15.0,545),(93.5,92.5,15.0,590),(94.5,92.5,15.0,585),(95.5,92.5,15.0,575),(96.5,92.5,15.0,568),(97.5,92.5,15.0,572),(92.5,93.5,15.0,595),(93.5,93.5,15.0,572),(94.5,93.5,15.0,579),(95.5,93.5,15.0,566),(96.5,93.5,15.0,588),(97.5,93.5,15.0,583),(92.5,94.5,15.0,570),(93.5,94.5,15.0,580),(94.5,94.5,15.0,573),(95.5,94.5,15.0,569),(96.5,94.5,15.0,562),(93.5,95.5,15.0,589),(94.5,95.5,15.0,570),(95.5,95.5,15.0,562),(93.5,89.5,16.0,569),(94.5,89.5,16.0,575),(95.5,89.5,16.0,562),(96.5,89.5,16.0,560),(93.5,90.5,16.0,568),(94.5,90.5,16.0,586),(95.5,90.5,16.0,567),(96.5,90.5,16.0,558),(97.5,90.5,16.0,582),(92.5,91.5,16.0,581),(93.5,91.5,16.0,577),(94.5,91.5,16.0,578),(95.5,91.5,16.0,590),(96.5,91.5,16.0,563),(97.5,91.5,16.0,577),(92.5,92.5,16.0,568),(93.5,92.5,16.0,569),(94.5,92.5,16.0,568),(95.5,92.5,16.0,575),(96.5,92.5,16.0,577),(97.5,92.5,16.0,591),(92.5,93.5,16.0,570),(93.5,93.5,16.0,578),(94.5,93.5,16.0,558),(95.5,93.5,16.0,558),(96.5,93.5,16.0,572),(97.5,93.5,16.0,591),(93.5,94.5,16.0,605),(94.5,94.5,16.0,583),(95.5,94.5,16.0,544),(96.5,94.5,16.0,570),(94.5,89.5,17.0,594),(95.5,89.5,17.0,588),(96.5,89.5,17.0,568),(97.5,89.5,17.0,571),(93.5,90.5,17.0,584),(94.5,90.5,17.0,567),(95.5,90.5,17.0,562),(96.5,90.5,17.0,560),(97.5,90.5,17.0,570),(92.5,91.5,17.0,570),(93.5,91.5,17.0,568),(94.5,91.5,17.0,563),(95.5,91.5,17.0,573),(96.5,91.5,17.0,576),(97.5,91.5,17.0,563),(98.5,91.5,17.0,577),(92.5,92.5,17.0,562),(93.5,92.5,17.0,580),(94.5,92.5,17.0,568),(95.5,92.5,17.0,582),(96.5,92.5,17.0,583),(97.5,92.5,17.0,575),(93.5,93.5,17.0,579),(94.5,93.5,17.0,563),(95.5,93.5,17.0,576),(96.5,93.5,17.0,560),(94.5,94.5,17.0,579),(95.5,94.5,17.0,591),(96.5,89.5,18.0,602),(93.5,90.5,18.0,567),(94.5,90.5,18.0,563),(95.5,90.5,18.0,587),(96.5,90.5,18.0,579),(97.5,90.5,18.0,581),(98.5,90.5,18.0,569),(93.5,91.5,18.0,564),(94.5,91.5,18.0,585),(95.5,91.5,18.0,584),(96.5,91.5,18.0,561),(97.5,91.5,18.0,549),(98.5,91.5,18.0,580),(93.5,92.5,18.0,574),(94.5,92.5,18.0,586),(95.5,92.5,18.0,570),(96.5,92.5,18.0,585),(97.5,92.5,18.0,555),(98.5,92.5,18.0,565),(94.5,93.5,18.0,574),(95.5,93.5,18.0,595),(96.5,93.5,18.0,578),(97.5,93.5,18.0,579),(95.5,91.5,19.0,578),(96.5,91.5,19.0,530),(95.5,92.5,19.0,572),(96.5,92.5,19.0,566)
atp16cy3c1-33	78.454544,63.909092,35.81818,0	78.24314,63.81301,35.893623,568	19.0	10792	(78.0,62.0,35.0,0),(78.0,63.0,35.0,0),(80.0,63.0,35.0,0),(80.0,64.0,35.0,0),(79.0,64.0,35.0,0),(79.0,65.0,35.0,0),(77.0,65.0,35.0,0),(77.0,62.0,35.0,0),(79.0,62.0,36.0,0),(79.0,63.0,36.0,0),(80.0,63.0,36.0,0),(80.0,65.0,36.0,0),(79.0,65.0,36.0,0),(79.0,66.0,36.0,0),(78.0,66.0,36.0,0),(78.0,65.0,36.0,0),(77.0,65.0,36.0,0),(77.0,62.0,36.0,0),(79.0,63.0,37.0,0),(79.0,65.0,37.0,0),(77.0,65.0,37.0,0),(77.0,63.0,37.0,0)	(77.5,62.5,35.0,555),(77.5,63.5,35.0,570),(78.5,63.5,35.0,588),(79.5,63.5,35.0,600),(77.5,64.5,35.0,547),(78.5,64.5,35.0,551),(77.5,62.5,36.0,574),(78.5,62.5,36.0,544),(77.5,63.5,36.0,579),(78.5,63.5,36.0,584),(79.5,63.5,36.0,589),(77.5,64.5,36.0,560),(78.5,64.5,36.0,568),(79.5,64.5,36.0,563),(78.5,65.5,36.0,557),(77.5,63.5,37.0,567),(78.5,63.5,37.0,548),(77.5,64.5,37.0,572),(78.5,64.5,37.0,576)
atp16cy3c1-29	87.29032,102.064514,31.064516,0	87.26804,102.19513,30.98555,562	91.0	51212	(88.0,100.0,29.0,0),(88.0,101.0,29.0,0),(89.0,101.0,29.0,0),(89.0,102.0,29.0,0),(88.0,102.0,29.0,0),(88.0,104.0,29.0,0),(87.0,104.0,29.0,0),(87.0,105.0,29.0,0),(86.0,105.0,29.0,0),(86.0,104.0,29.0,0),(85.0,104.0,29.0,0),(85.0,101.0,29.0,0),(86.0,101.0,29.0,0),(86.0,100.0,29.0,0),(89.0,100.0,30.0,0),(89.0,105.0,30.0,0),(85.0,105.0,30.0,0),(85.0,101.0,30.0,0),(86.0,101.0,30.0,0),(86.0,100.0,30.0,0),(89.0,99.0,31.0,0),(89.0,101.0,31.0,0),(90.0,101.0,31.0,0),(90.0,103.0,31.0,0),(89.0,103.0,31.0,0),(89.0,104.0,31.0,0),(88.0,104.0,31.0,0),(88.0,105.0,31.0,0),(85.0,105.0,31.0,0),(85.0,103.0,31.0,0),(84.0,103.0,31.0,0),(84.0,102.0,31.0,0),(85.0,102.0,31.0,0),(85.0,100.0,31.0,0),(86.0,100.0,31.0,0),(86.0,99.0,31.0,0),(89.0,99.0,32.0,0),(89.0,100.0,32.0,0),(90.0,100.0,32.0,0),(90.0,104.0,32.0,0),(89.0,104.0,32.0,0),(89.0,105.0,32.0,0),(86.0,105.0,32.0,0),(86.0,104.0,32.0,0),(85.0,104.0,32.0,0),(85.0,101.0,32.0,0),(86.0,101.0,32.0,0),(86.0,100.0,32.0,0),(87.0,100.0,32.0,0),(87.0,99.0,32.0,0),(89.0,100.0,33.0,0),(89.0,101.0,33.0,0),(90.0,101.0,33.0,0),(90.0,102.0,33.0,0),(89.0,102.0,33.0,0),(89.0,104.0,33.0,0),(88.0,104.0,33.0,0),(88.0,103.0,33.0,0),(86.0,103.0,33.0,0),(86.0,101.0,33.0,0),(87.0,101.0,33.0,0),(87.0,100.0,33.0,0)	(86.5,100.5,29.0,551),(87.5,100.5,29.0,564),(85.5,101.5,29.0,538),(86.5,101.5,29.0,572),(87.5,101.5,29.0,571),(88.5,101.5,29.0,568),(85.5,102.5,29.0,573),(86.5,102.5,29.0,584),(87.5,102.5,29.0,558),(85.5,103.5,29.0,541),(86.5,103.5,29.0,558),(87.5,103.5,29.0,578),(86.5,104.5,29.0,567),(86.5,100.5,30.0,561),(87.5,100.5,30.0,575),(88.5,100.5,30.0,561),(85.5,101.5,30.0,570),(86.5,101.5,30.0,572),(87.5,101.5,30.0,544),(88.5,101.5,30.0,556),(85.5,102.5,30.0,552),(86.5,102.5,30.0,557),(87.5,102.5,30.0,544),(88.5,102.5,30.0,577),(85.5,103.5,30.0,560),(86.5,103.5,30.0,574),(87.5,103.5,30.0,579),(88.5,103.5,30.0,561),(85.5,104.5,30.0,558),(86.5,104.5,30.0,567),(87.5,104.5,30.0,576),(88.5,104.5,30.0,563),(86.5,99.5,31.0,551),(87.5,99.5,31.0,566),(88.5,99.5,31.0,559),(85.5,100.5,31.0,565),(86.5,100.5,31.0,552),(87.5,100.5,31.0,591),(88.5,100.5,31.0,572),(85.5,101.5,31.0,551),(86.5,101.5,31.0,563),(87.5,101.5,31.0,558),(88.5,101.5,31.0,567),(89.5,101.5,31.0,571),(84.5,102.5,31.0,564),(85.5,102.5,31.0,565),(86.5,102.5,31.0,551),(87.5,102.5,31.0,579),(88.5,102.5,31.0,563),(89.5,102.5,31.0,564),(85.5,103.5,31.0,563),(86.5,103.5,31.0,534),(87.5,103.5,31.0,590),(88.5,103.5,31.0,566),(85.5,104.5,31.0,568),(86.5,104.5,31.0,579),(87.5,104.5,31.0,562),(87.5,99.5,32.0,564),(88.5,99.5,32.0,578),(86.5,100.5,32.0,568),(87.5,100.5,32.0,565),(88.5,100.5,32.0,568),(89.5,100.5,32.0,559),(85.5,101.5,32.0,567),(86.5,101.5,32.0,570),(87.5,101.5,32.0,559),(88.5,101.5,32.0,557),(89.5,101.5,32.0,547),(85.5,102.5,32.0,561),(86.5,102.5,32.0,561),(87.5,102.5,32.0,560),(88.5,102.5,32.0,566),(89.5,102.5,32.0,561),(85.5,103.5,32.0,580),(86.5,103.5,32.0,560),(87.5,103.5,32.0,562),(88.5,103.5,32.0,570),(89.5,103.5,32.0,542),(86.5,104.5,32.0,567),(87.5,104.5,32.0,563),(88.5,104.5,32.0,568),(87.5,100.5,33.0,552),(88.5,100.5,33.0,532),(86.5,101.5,33.0,569),(87.5,101.5,33.0,555),(88.5,101.5,33.0,566),(89.5,101.5,33.0,529),(86.5,102.5,33.0,559),(87.5,102.5,33.0,563),(88.5,102.5,33.0,581),(88.5,103.5,33.0,539)
atp16cy3c1-6	64.46,89.1,15.56,0	64.30383,89.317635,15.500999,576	125.0	72026	(66.0,88.0,12.0,0),(66.0,89.0,12.0,0),(65.0,89.0,12.0,0),(65.0,88.0,12.0,0),(66.0,86.0,13.0,0),(66.0,87.0,13.0,0),(67.0,87.0,13.0,0),(67.0,88.0,13.0,0),(68.0,88.0,13.0,0),(68.0,89.0,13.0,0),(67.0,89.0,13.0,0),(67.0,91.0,13.0,0),(63.0,91.0,13.0,0),(63.0,88.0,13.0,0),(64.0,88.0,13.0,0),(64.0,86.0,13.0,0),(67.0,87.0,14.0,0),(67.0,88.0,14.0,0),(68.0,88.0,14.0,0),(68.0,89.0,14.0,0),(67.0,89.0,14.0,0),(67.0,91.0,14.0,0),(63.0,91.0,14.0,0),(63.0,88.0,14.0,0),(64.0,88.0,14.0,0),(64.0,87.0,14.0,0),(67.0,87.0,15.0,0),(67.0,88.0,15.0,0),(68.0,88.0,15.0,0),(68.0,89.0,15.0,0),(67.0,89.0,15.0,0),(67.0,90.0,15.0,0),(66.0,90.0,15.0,0),(66.0,91.0,15.0,0),(63.0,91.0,15.0,0),(63.0,93.0,15.0,0),(61.0,93.0,15.0,0),(61.0,92.0,15.0,0),(60.0,92.0,15.0,0),(60.0,91.0,15.0,0),(61.0,91.0,15.0,0),(61.0,90.0,15.0,0),(62.0,90.0,15.0,0),(62.0,89.0,15.0,0),(63.0,89.0,15.0,0),(63.0,88.0,15.0,0),(64.0,88.0,15.0,0),(64.0,87.0,15.0,0),(67.0,86.0,16.0,0),(67.0,87.0,16.0,0),(68.0,87.0,16.0,0),(68.0,90.0,16.0,0),(65.0,90.0,16.0,0),(65.0,91.0,16.0,0),(64.0,91.0,16.0,0),(64.0,92.0,16.0,0),(60.0,92.0,16.0,0),(60.0,89.0,16.0,0),(63.0,89.0,16.0,0),(63.0,88.0,16.0,0),(64.0,88.0,16.0,0),(64.0,87.0,16.0,0),(65.0,87.0,16.0,0),(65.0,86.0,16.0,0),(67.0,86.0,17.0,0),(67.0,87.0,17.0,0),(68.0,87.0,17.0,0),(68.0,89.0,17.0,0),(67.0,89.0,17.0,0),(67.0,90.0,17.0,0),(64.0,90.0,17.0,0),(64.0,92.0,17.0,0),(63.0,92.0,17.0,0),(63.0,93.0,17.0,0),(62.0,93.0,17.0,0),(62.0,92.0,17.0,0),(61.0,92.0,17.0,0),(61.0,91.0,17.0,0),(60.0,91.0,17.0,0),(60.0,90.0,17.0,0),(61.0,90.0,17.0,0),(61.0,88.0,17.0,0),(64.0,88.0,17.0,0),(64.0,87.0,17.0,0),(65.0,87.0,17.0,0),(65.0,86.0,17.0,0),(67.0,87.0,18.0,0),(67.0,88.0,18.0,0),(66.0,88.0,18.0,0),(66.0,87.0,18.0,0),(63.0,88.0,18.0,0),(63.0,89.0,18.0,0),(65.0,89.0,18.0,0),(65.0,90.0,18.0,0),(64.0,90.0,18.0,0),(64.0,92.0,18.0,0),(61.0,92.0,18.0,0),(61.0,89.0,18.0,0),(62.0,89.0,18.0,0),(62.0,88.0,18.0,0)	(65.5,88.5,12.0,568),(64.5,86.5,13.0,592),(65.5,86.5,13.0,562),(64.5,87.5,13.0,579),(65.5,87.5,13.0,566),(66.5,87.5,13.0,587),(63.5,88.5,13.0,573),(64.5,88.5,13.0,576),(65.5,88.5,13.0,568),(66.5,88.5,13.0,583),(67.5,88.5,13.0,585),(63.5,89.5,13.0,584),(64.5,89.5,13.0,592),(65.5,89.5,13.0,580),(66.5,89.5,13.0,563),(63.5,90.5,13.0,599),(64.5,90.5,13.0,575),(65.5,90.5,13.0,579),(66.5,90.5,13.0,580),(64.5,87.5,14.0,562),(65.5,87.5,14.0,569),(66.5,87.5,14.0,567),(63.5,88.5,14.0,594),(64.5,88.5,14.0,580),(65.5,88.5,14.0,582),(66.5,88.5,14.0,580),(67.5,88.5,14.0,574),(63.5,89.5,14.0,575),(64.5,89.5,14.0,572),(65.5,89.5,14.0,580),(66.5,89.5,14.0,589),(63.5,90.5,14.0,577),(64.5,90.5,14.0,572),(65.5,90.5,14.0,555),(66.5,90.5,14.0,590),(64.5,87.5,15.0,583),(65.5,87.5,15.0,579),(66.5,87.5,15.0,593),(63.5,88.5,15.0,561),(64.5,88.5,15.0,558),(65.5,88.5,15.0,565),(66.5,88.5,15.0,589),(67.5,88.5,15.0,601),(62.5,89.5,15.0,554),(63.5,89.5,15.0,574),(64.5,89.5,15.0,583),(65.5,89.5,15.0,559),(66.5,89.5,15.0,585),(61.5,90.5,15.0,590),(62.5,90.5,15.0,585),(63.5,90.5,15.0,575),(64.5,90.5,15.0,568),(65.5,90.5,15.0,572),(60.5,91.5,15.0,595),(61.5,91.5,15.0,572),(62.5,91.5,15.0,579),(61.5,92.5,15.0,580),(62.5,92.5,15.0,573),(65.5,86.5,16.0,599),(66.5,86.5,16.0,580),(64.5,87.5,16.0,558),(65.5,87.5,16.0,582),(66.5,87.5,16.0,582),(67.5,87.5,16.0,572),(63.5,88.5,16.0,590),(64.5,88.5,16.0,563),(65.5,88.5,16.0,577),(66.5,88.5,16.0,570),(67.5,88.5,16.0,586),(60.5,89.5,16.0,568),(61.5,89.5,16.0,569),(62.5,89.5,16.0,568),(63.5,89.5,16.0,575),(64.5,89.5,16.0,577),(65.5,89.5,16.0,591),(66.5,89.5,16.0,594),(67.5,89.5,16.0,594),(60.5,90.5,16.0,570),(61.5,90.5,16.0,578),(62.5,90.5,16.0,558),(63.5,90.5,16.0,558),(64.5,90.5,16.0,572),(60.5,91.5,16.0,586),(61.5,91.5,16.0,605),(62.5,91.5,16.0,583),(63.5,91.5,16.0,544),(65.5,86.5,17.0,571),(66.5,86.5,17.0,578),(64.5,87.5,17.0,560),(65.5,87.5,17.0,570),(66.5,87.5,17.0,581),(67.5,87.5,17.0,558),(61.5,88.5,17.0,568),(62.5,88.5,17.0,563),(63.5,88.5,17.0,573),(64.5,88.5,17.0,576),(65.5,88.5,17.0,563),(66.5,88.5,17.0,577),(67.5,88.5,17.0,569),(61.5,89.5,17.0,580),(62.5,89.5,17.0,568),(63.5,89.5,17.0,582),(64.5,89.5,17.0,583),(65.5,89.5,17.0,575),(66.5,89.5,17.0,569),(60.5,90.5,17.0,567),(61.5,90.5,17.0,579),(62.5,90.5,17.0,563),(63.5,90.5,17.0,576),(61.5,91.5,17.0,580),(62.5,91.5,17.0,579),(63.5,91.5,17.0,591),(62.5,92.5,17.0,582),(66.5,87.5,18.0,590),(62.5,88.5,18.0,565),(61.5,89.5,18.0,567),(62.5,89.5,18.0,563),(63.5,89.5,18.0,587),(64.5,89.5,18.0,579),(61.5,90.5,18.0,564),(62.5,90.5,18.0,585),(63.5,90.5,18.0,584),(61.5,91.5,18.0,574),(62.5,91.5,18.0,586),(63.5,91.5,18.0,570)
atp16cy3c1-24	48.583332,57.0,29.708334,0	48.262253,56.9986,29.878115,564	83.0	46823	(49.0,55.0,28.0,0),(49.0,57.0,28.0,0),(50.0,57.0,28.0,0),(50.0,58.0,28.0,0),(48.0,58.0,28.0,0),(48.0,59.0,28.0,0),(46.0,59.0,28.0,0),(46.0,55.0,28.0,0),(49.0,54.0,29.0,0),(49.0,55.0,29.0,0),(50.0,55.0,29.0,0),(50.0,56.0,29.0,0),(51.0,56.0,29.0,0),(51.0,58.0,29.0,0),(50.0,58.0,29.0,0),(50.0,59.0,29.0,0),(49.0,59.0,29.0,0),(49.0,60.0,29.0,0),(47.0,60.0,29.0,0),(47.0,59.0,29.0,0),(46.0,59.0,29.0,0),(46.0,55.0,29.0,0),(48.0,55.0,29.0,0),(48.0,54.0,29.0,0),(49.0,54.0,30.0,0),(49.0,55.0,30.0,0),(51.0,55.0,30.0,0),(51.0,59.0,30.0,0),(49.0,59.0,30.0,0),(49.0,60.0,30.0,0),(47.0,60.0,30.0,0),(47.0,59.0,30.0,0),(46.0,59.0,30.0,0),(46.0,55.0,30.0,0),(48.0,55.0,30.0,0),(48.0,54.0,30.0,0),(51.0,55.0,31.0,0),(51.0,58.0,31.0,0),(50.0,58.0,31.0,0),(50.0,59.0,31.0,0),(46.0,59.0,31.0,0),(46.0,55.0,31.0,0),(49.0,55.0,32.0,0),(49.0,56.0,32.0,0),(50.0,56.0,32.0,0),(50.0,58.0,32.0,0),(47.0,58.0,32.0,0),(47.0,55.0,32.0,0)	(46.5,55.5,28.0,569),(47.5,55.5,28.0,560),(48.5,55.5,28.0,552),(46.5,56.5,28.0,562),(47.5,56.5,28.0,550),(48.5,56.5,28.0,578),(46.5,57.5,28.0,587),(47.5,57.5,28.0,562),(48.5,57.5,28.0,559),(49.5,57.5,28.0,584),(46.5,58.5,28.0,567),(47.5,58.5,28.0,530),(48.5,54.5,29.0,564),(46.5,55.5,29.0,538),(47.5,55.5,29.0,572),(48.5,55.5,29.0,571),(49.5,55.5,29.0,568),(46.5,56.5,29.0,573),(47.5,56.5,29.0,584),(48.5,56.5,29.0,558),(49.5,56.5,29.0,555),(50.5,56.5,29.0,558),(46.5,57.5,29.0,541),(47.5,57.5,29.0,558),(48.5,57.5,29.0,578),(49.5,57.5,29.0,591),(50.5,57.5,29.0,573),(46.5,58.5,29.0,592),(47.5,58.5,29.0,567),(48.5,58.5,29.0,559),(49.5,58.5,29.0,565),(47.5,59.5,29.0,576),(48.5,59.5,29.0,564),(48.5,54.5,30.0,575),(46.5,55.5,30.0,570),(47.5,55.5,30.0,572),(48.5,55.5,30.0,544),(49.5,55.5,30.0,556),(50.5,55.5,30.0,542),(46.5,56.5,30.0,552),(47.5,56.5,30.0,557),(48.5,56.5,30.0,544),(49.5,56.5,30.0,577),(50.5,56.5,30.0,574),(46.5,57.5,30.0,560),(47.5,57.5,30.0,574),(48.5,57.5,30.0,579),(49.5,57.5,30.0,561),(50.5,57.5,30.0,560),(46.5,58.5,30.0,558),(47.5,58.5,30.0,567),(48.5,58.5,30.0,576),(49.5,58.5,30.0,563),(50.5,58.5,30.0,564),(47.5,59.5,30.0,553),(48.5,59.5,30.0,584),(46.5,55.5,31.0,536),(47.5,55.5,31.0,556),(48.5,55.5,31.0,551),(49.5,55.5,31.0,566),(50.5,55.5,31.0,559),(46.5,56.5,31.0,564),(47.5,56.5,31.0,565),(48.5,56.5,31.0,552),(49.5,56.5,31.0,591),(50.5,56.5,31.0,572),(46.5,57.5,31.0,564),(47.5,57.5,31.0,551),(48.5,57.5,31.0,563),(49.5,57.5,31.0,558),(50.5,57.5,31.0,567),(46.5,58.5,31.0,564),(47.5,58.5,31.0,565),(48.5,58.5,31.0,551),(49.5,58.5,31.0,579),(47.5,55.5,32.0,560),(48.5,55.5,32.0,565),(47.5,56.5,32.0,568),(48.5,56.5,32.0,568),(49.5,56.5,32.0,565),(47.5,57.5,32.0,567),(48.5,57.5,32.0,570),(49.5,57.5,32.0,559)
atp16cy3c1-16	51.075,97.35,23.45,0	51.010044,97.36847,23.36122,565	100.0	56550	(54.0,100.0,20.0,0),(54.0,101.0,20.0,0),(53.0,101.0,20.0,0),(53.0,102.0,20.0,0),(52.0,102.0,20.0,0),(52.0,100.0,20.0,0),(53.0,99.0,21.0,0),(53.0,100.0,21.0,0),(54.0,100.0,21.0,0),(54.0,102.0,21.0,0),(51.0,102.0,21.0,0),(51.0,99.0,21.0,0),(51.0,94.0,22.0,0),(51.0,95.0,22.0,0),(52.0,95.0,22.0,0),(52.0,98.0,22.0,0),(53.0,98.0,22.0,0),(53.0,99.0,22.0,0),(54.0,99.0,22.0,0),(54.0,102.0,22.0,0),(51.0,102.0,22.0,0),(51.0,99.0,22.0,0),(49.0,99.0,22.0,0),(49.0,97.0,22.0,0),(48.0,97.0,22.0,0),(48.0,96.0,22.0,0),(49.0,96.0,22.0,0),(49.0,94.0,22.0,0),(51.0,94.0,23.0,0),(51.0,95.0,23.0,0),(52.0,95.0,23.0,0),(52.0,96.0,23.0,0),(53.0,96.0,23.0,0),(53.0,97.0,23.0,0),(52.0,97.0,23.0,0),(52.0,99.0,23.0,0),(49.0,99.0,23.0,0),(49.0,98.0,23.0,0),(48.0,98.0,23.0,0),(48.0,96.0,23.0,0),(49.0,96.0,23.0,0),(49.0,94.0,23.0,0),(52.0,94.0,24.0,0),(52.0,95.0,24.0,0),(53.0,95.0,24.0,0),(53.0,98.0,24.0,0),(52.0,98.0,24.0,0),(52.0,99.0,24.0,0),(49.0,99.0,24.0,0),(49.0,98.0,24.0,0),(48.0,98.0,24.0,0),(48.0,95.0,24.0,0),(49.0,95.0,24.0,0),(49.0,94.0,24.0,0),(52.0,94.0,25.0,0),(52.0,95.0,25.0,0),(53.0,95.0,25.0,0),(53.0,98.0,25.0,0),(51.0,98.0,25.0,0),(51.0,99.0,25.0,0),(50.0,99.0,25.0,0),(50.0,98.0,25.0,0),(49.0,98.0,25.0,0),(49.0,95.0,25.0,0),(50.0,95.0,25.0,0),(50.0,94.0,25.0,0),(53.0,95.0,26.0,0),(53.0,97.0,26.0,0),(52.0,97.0,26.0,0),(52.0,98.0,26.0,0),(50.0,98.0,26.0,0),(50.0,97.0,26.0,0),(49.0,97.0,26.0,0),(49.0,96.0,26.0,0),(50.0,96.0,26.0,0),(50.0,95.0,26.0,0),(52.0,96.0,27.0,0),(52.0,98.0,27.0,0),(51.0,98.0,27.0,0),(51.0,96.0,27.0,0)	(52.5,100.5,20.0,559),(53.5,100.5,20.0,561),(52.5,101.5,20.0,577),(51.5,99.5,21.0,569),(52.5,99.5,21.0,555),(51.5,100.5,21.0,545),(52.5,100.5,21.0,590),(53.5,100.5,21.0,552),(51.5,101.5,21.0,553),(52.5,101.5,21.0,556),(53.5,101.5,21.0,547),(49.5,94.5,22.0,540),(50.5,94.5,22.0,580),(49.5,95.5,22.0,581),(50.5,95.5,22.0,562),(51.5,95.5,22.0,565),(48.5,96.5,22.0,579),(49.5,96.5,22.0,557),(50.5,96.5,22.0,573),(51.5,96.5,22.0,552),(49.5,97.5,22.0,567),(50.5,97.5,22.0,572),(51.5,97.5,22.0,576),(49.5,98.5,22.0,566),(50.5,98.5,22.0,564),(51.5,98.5,22.0,556),(52.5,98.5,22.0,565),(51.5,99.5,22.0,564),(52.5,99.5,22.0,578),(53.5,99.5,22.0,571),(51.5,100.5,22.0,587),(52.5,100.5,22.0,559),(53.5,100.5,22.0,564),(51.5,101.5,22.0,550),(52.5,101.5,22.0,567),(53.5,101.5,22.0,582),(49.5,94.5,23.0,542),(50.5,94.5,23.0,571),(49.5,95.5,23.0,566),(50.5,95.5,23.0,567),(51.5,95.5,23.0,573),(48.5,96.5,23.0,561),(49.5,96.5,23.0,593),(50.5,96.5,23.0,567),(51.5,96.5,23.0,575),(52.5,96.5,23.0,557),(48.5,97.5,23.0,563),(49.5,97.5,23.0,575),(50.5,97.5,23.0,532),(51.5,97.5,23.0,572),(49.5,98.5,23.0,579),(50.5,98.5,23.0,572),(51.5,98.5,23.0,563),(49.5,94.5,24.0,550),(50.5,94.5,24.0,552),(51.5,94.5,24.0,582),(48.5,95.5,24.0,557),(49.5,95.5,24.0,561),(50.5,95.5,24.0,583),(51.5,95.5,24.0,572),(52.5,95.5,24.0,558),(48.5,96.5,24.0,562),(49.5,96.5,24.0,598),(50.5,96.5,24.0,573),(51.5,96.5,24.0,553),(52.5,96.5,24.0,574),(48.5,97.5,24.0,555),(49.5,97.5,24.0,559),(50.5,97.5,24.0,564),(51.5,97.5,24.0,567),(52.5,97.5,24.0,572),(49.5,98.5,24.0,593),(50.5,98.5,24.0,559),(51.5,98.5,24.0,552),(50.5,94.5,25.0,566),(51.5,94.5,25.0,577),(49.5,95.5,25.0,548),(50.5,95.5,25.0,551),(51.5,95.5,25.0,593),(52.5,95.5,25.0,565),(49.5,96.5,25.0,563),(50.5,96.5,25.0,564),(51.5,96.5,25.0,560),(52.5,96.5,25.0,574),(49.5,97.5,25.0,562),(50.5,97.5,25.0,574),(51.5,97.5,25.0,548),(52.5,97.5,25.0,556),(50.5,98.5,25.0,560),(50.5,95.5,26.0,541),(51.5,95.5,26.0,552),(52.5,95.5,26.0,578),(49.5,96.5,26.0,580),(50.5,96.5,26.0,579),(51.5,96.5,26.0,559),(52.5,96.5,26.0,564),(50.5,97.5,26.0,548),(51.5,97.5,26.0,584),(51.5,96.5,27.0,577),(51.5,97.5,27.0,562)
atp16cy3c1-23	71.26667,94.166664,30.2,0	71.209595,94.39532,30.279428,563	103.0	58022	(71.0,92.0,27.0,0),(71.0,93.0,27.0,0),(70.0,93.0,27.0,0),(70.0,92.0,27.0,0),(72.0,92.0,28.0,0),(72.0,93.0,28.0,0),(73.0,93.0,28.0,0),(73.0,94.0,28.0,0),(72.0,94.0,28.0,0),(72.0,96.0,28.0,0),(70.0,96.0,28.0,0),(70.0,95.0,28.0,0),(69.0,95.0,28.0,0),(69.0,93.0,28.0,0),(70.0,93.0,28.0,0),(70.0,92.0,28.0,0),(73.0,92.0,29.0,0),(73.0,97.0,29.0,0),(69.0,97.0,29.0,0),(69.0,95.0,29.0,0),(68.0,95.0,29.0,0),(68.0,94.0,29.0,0),(69.0,94.0,29.0,0),(69.0,92.0,29.0,0),(73.0,92.0,30.0,0),(73.0,93.0,30.0,0),(74.0,93.0,30.0,0),(74.0,96.0,30.0,0),(73.0,96.0,30.0,0),(73.0,97.0,30.0,0),(69.0,97.0,30.0,0),(69.0,92.0,30.0,0),(73.0,92.0,31.0,0),(73.0,93.0,31.0,0),(74.0,93.0,31.0,0),(74.0,96.0,31.0,0),(73.0,96.0,31.0,0),(73.0,97.0,31.0,0),(69.0,97.0,31.0,0),(69.0,92.0,31.0,0),(73.0,92.0,32.0,0),(73.0,93.0,32.0,0),(74.0,93.0,32.0,0),(74.0,96.0,32.0,0),(72.0,96.0,32.0,0),(72.0,97.0,32.0,0),(70.0,97.0,32.0,0),(70.0,96.0,32.0,0),(69.0,96.0,32.0,0),(69.0,93.0,32.0,0),(70.0,93.0,32.0,0),(70.0,92.0,32.0,0),(72.0,93.0,33.0,0),(72.0,94.0,33.0,0),(73.0,94.0,33.0,0),(73.0,95.0,33.0,0),(70.0,95.0,33.0,0),(70.0,94.0,33.0,0),(71.0,94.0,33.0,0),(71.0,93.0,33.0,0)	(70.5,92.5,27.0,577),(70.5,92.5,28.0,560),(71.5,92.5,28.0,552),(69.5,93.5,28.0,562),(70.5,93.5,28.0,550),(71.5,93.5,28.0,578),(72.5,93.5,28.0,566),(69.5,94.5,28.0,587),(70.5,94.5,28.0,562),(71.5,94.5,28.0,559),(70.5,95.5,28.0,530),(71.5,95.5,28.0,560),(69.5,92.5,29.0,551),(70.5,92.5,29.0,564),(71.5,92.5,29.0,583),(72.5,92.5,29.0,550),(69.5,93.5,29.0,572),(70.5,93.5,29.0,571),(71.5,93.5,29.0,568),(72.5,93.5,29.0,568),(68.5,94.5,29.0,573),(69.5,94.5,29.0,584),(70.5,94.5,29.0,558),(71.5,94.5,29.0,555),(72.5,94.5,29.0,558),(69.5,95.5,29.0,558),(70.5,95.5,29.0,578),(71.5,95.5,29.0,591),(72.5,95.5,29.0,573),(69.5,96.5,29.0,567),(70.5,96.5,29.0,559),(71.5,96.5,29.0,565),(72.5,96.5,29.0,568),(69.5,92.5,30.0,542),(70.5,92.5,30.0,561),(71.5,92.5,30.0,575),(72.5,92.5,30.0,561),(69.5,93.5,30.0,570),(70.5,93.5,30.0,572),(71.5,93.5,30.0,544),(72.5,93.5,30.0,556),(73.5,93.5,30.0,542),(69.5,94.5,30.0,552),(70.5,94.5,30.0,557),(71.5,94.5,30.0,544),(72.5,94.5,30.0,577),(73.5,94.5,30.0,574),(69.5,95.5,30.0,560),(70.5,95.5,30.0,574),(71.5,95.5,30.0,579),(72.5,95.5,30.0,561),(73.5,95.5,30.0,560),(69.5,96.5,30.0,558),(70.5,96.5,30.0,567),(71.5,96.5,30.0,576),(72.5,96.5,30.0,563),(69.5,92.5,31.0,536),(70.5,92.5,31.0,556),(71.5,92.5,31.0,551),(72.5,92.5,31.0,566),(69.5,93.5,31.0,564),(70.5,93.5,31.0,565),(71.5,93.5,31.0,552),(72.5,93.5,31.0,591),(73.5,93.5,31.0,572),(69.5,94.5,31.0,564),(70.5,94.5,31.0,551),(71.5,94.5,31.0,563),(72.5,94.5,31.0,558),(73.5,94.5,31.0,567),(69.5,95.5,31.0,564),(70.5,95.5,31.0,565),(71.5,95.5,31.0,551),(72.5,95.5,31.0,579),(73.5,95.5,31.0,563),(69.5,96.5,31.0,567),(70.5,96.5,31.0,563),(71.5,96.5,31.0,534),(72.5,96.5,31.0,590),(70.5,92.5,32.0,565),(71.5,92.5,32.0,564),(72.5,92.5,32.0,578),(69.5,93.5,32.0,568),(70.5,93.5,32.0,568),(71.5,93.5,32.0,565),(72.5,93.5,32.0,568),(73.5,93.5,32.0,559),(69.5,94.5,32.0,567),(70.5,94.5,32.0,570),(71.5,94.5,32.0,559),(72.5,94.5,32.0,557),(73.5,94.5,32.0,547),(69.5,95.5,32.0,561),(70.5,95.5,32.0,561),(71.5,95.5,32.0,560),(72.5,95.5,32.0,566),(73.5,95.5,32.0,561),(70.5,96.5,32.0,560),(71.5,96.5,32.0,562),(71.5,93.5,33.0,552),(70.5,94.5,33.0,569),(71.5,94.5,33.0,555),(72.5,94.5,33.0,566)
atp16cy3c1-20	40.833332,91.611115,24.833334,0	40.6543,91.74588,24.815924,564	33.0	18639	(41.0,90.0,23.0,0),(41.0,91.0,23.0,0),(42.0,91.0,23.0,0),(42.0,92.0,23.0,0),(41.0,92.0,23.0,0),(41.0,93.0,23.0,0),(39.0,93.0,23.0,0),(39.0,91.0,23.0,0),(40.0,91.0,23.0,0),(40.0,90.0,23.0,0),(42.0,90.0,24.0,0),(42.0,93.0,24.0,0),(39.0,93.0,24.0,0),(39.0,90.0,24.0,0),(41.0,90.0,25.0,0),(41.0,91.0,25.0,0),(42.0,91.0,25.0,0),(42.0,93.0,25.0,0),(39.0,93.0,25.0,0),(39.0,91.0,25.0,0),(40.0,91.0,25.0,0),(40.0,90.0,25.0,0),(41.0,90.0,26.0,0),(41.0,91.0,26.0,0),(43.0,91.0,26.0,0),(43.0,92.0,26.0,0),(42.0,92.0,26.0,0),(42.0,93.0,26.0,0),(41.0,93.0,26.0,0),(41.0,94.0,26.0,0),(40.0,94.0,26.0,0),(40.0,90.0,26.0,0),(42.0,91.0,27.0,0),(42.0,93.0,27.0,0),(40.0,93.0,27.0,0),(40.0,91.0,27.0,0)	(40.5,90.5,23.0,542),(39.5,91.5,23.0,567),(40.5,91.5,23.0,566),(41.5,91.5,23.0,567),(39.5,92.5,23.0,561),(40.5,92.5,23.0,593),(39.5,90.5,24.0,565),(40.5,90.5,24.0,550),(41.5,90.5,24.0,552),(39.5,91.5,24.0,557),(40.5,91.5,24.0,561),(41.5,91.5,24.0,583),(39.5,92.5,24.0,562),(40.5,92.5,24.0,598),(41.5,92.5,24.0,573),(40.5,90.5,25.0,566),(39.5,91.5,25.0,548),(40.5,91.5,25.0,551),(41.5,91.5,25.0,593),(39.5,92.5,25.0,563),(40.5,92.5,25.0,564),(41.5,92.5,25.0,560),(40.5,90.5,26.0,560),(40.5,91.5,26.0,580),(41.5,91.5,26.0,579),(42.5,91.5,26.0,559),(40.5,92.5,26.0,552),(41.5,92.5,26.0,548),(40.5,93.5,26.0,554),(40.5,91.5,27.0,577),(41.5,91.5,27.0,552),(40.5,92.5,27.0,562),(41.5,92.5,27.0,574)
atp16cy3c1-26	95.391304,54.173912,30.47826,0	95.345375,54.11895,30.367525,564	57.0	32161	(96.0,52.0,29.0,0),(96.0,53.0,29.0,0),(97.0,53.0,29.0,0),(97.0,56.0,29.0,0),(94.0,56.0,29.0,0),(94.0,55.0,29.0,0),(93.0,55.0,29.0,0),(93.0,53.0,29.0,0),(94.0,53.0,29.0,0),(94.0,52.0,29.0,0),(97.0,52.0,30.0,0),(97.0,53.0,30.0,0),(98.0,53.0,30.0,0),(98.0,55.0,30.0,0),(97.0,55.0,30.0,0),(97.0,56.0,30.0,0),(96.0,56.0,30.0,0),(96.0,57.0,30.0,0),(94.0,57.0,30.0,0),(94.0,56.0,30.0,0),(93.0,56.0,30.0,0),(93.0,53.0,30.0,0),(94.0,53.0,30.0,0),(94.0,52.0,30.0,0),(97.0,52.0,31.0,0),(97.0,53.0,31.0,0),(98.0,53.0,31.0,0),(98.0,55.0,31.0,0),(97.0,55.0,31.0,0),(97.0,56.0,31.0,0),(94.0,56.0,31.0,0),(94.0,55.0,31.0,0),(93.0,55.0,31.0,0),(93.0,53.0,31.0,0),(94.0,53.0,31.0,0),(94.0,52.0,31.0,0),(96.0,52.0,32.0,0),(96.0,53.0,32.0,0),(97.0,53.0,32.0,0),(97.0,55.0,32.0,0),(96.0,55.0,32.0,0),(96.0,56.0,32.0,0),(95.0,56.0,32.0,0),(95.0,55.0,32.0,0),(94.0,55.0,32.0,0),(94.0,52.0,32.0,0)	(94.5,52.5,29.0,551),(95.5,52.5,29.0,564),(93.5,53.5,29.0,538),(94.5,53.5,29.0,572),(95.5,53.5,29.0,571),(96.5,53.5,29.0,568),(93.5,54.5,29.0,573),(94.5,54.5,29.0,584),(95.5,54.5,29.0,558),(96.5,54.5,29.0,555),(94.5,55.5,29.0,558),(95.5,55.5,29.0,578),(96.5,55.5,29.0,591),(94.5,52.5,30.0,561),(95.5,52.5,30.0,575),(96.5,52.5,30.0,561),(93.5,53.5,30.0,570),(94.5,53.5,30.0,572),(95.5,53.5,30.0,544),(96.5,53.5,30.0,556),(97.5,53.5,30.0,542),(93.5,54.5,30.0,552),(94.5,54.5,30.0,557),(95.5,54.5,30.0,544),(96.5,54.5,30.0,577),(97.5,54.5,30.0,574),(93.5,55.5,30.0,560),(94.5,55.5,30.0,574),(95.5,55.5,30.0,579),(96.5,55.5,30.0,561),(94.5,56.5,30.0,567),(95.5,56.5,30.0,576),(94.5,52.5,31.0,556),(95.5,52.5,31.0,551),(96.5,52.5,31.0,566),(93.5,53.5,31.0,564),(94.5,53.5,31.0,565),(95.5,53.5,31.0,552),(96.5,53.5,31.0,591),(97.5,53.5,31.0,572),(93.5,54.5,31.0,564),(94.5,54.5,31.0,551),(95.5,54.5,31.0,563),(96.5,54.5,31.0,558),(97.5,54.5,31.0,567),(94.5,55.5,31.0,565),(95.5,55.5,31.0,551),(96.5,55.5,31.0,579),(94.5,52.5,32.0,560),(95.5,52.5,32.0,565),(94.5,53.5,32.0,568),(95.5,53.5,32.0,568),(96.5,53.5,32.0,565),(94.5,54.5,32.0,567),(95.5,54.5,32.0,570),(96.5,54.5,32.0,559),(95.5,55.5,32.0,561)
atp16cy3c1-8	72.47222,101.666664,15.361111,0	72.61764,101.69733,15.368179,574	151.0	86773	(73.0,99.0,13.0,0),(73.0,100.0,13.0,0),(74.0,100.0,13.0,0),(74.0,101.0,13.0,0),(75.0,101.0,13.0,0),(75.0,103.0,13.0,0),(74.0,103.0,13.0,0),(74.0,104.0,13.0,0),(73.0,104.0,13.0,0),(73.0,105.0,13.0,0),(71.0,105.0,13.0,0),(71.0,103.0,13.0,0),(70.0,103.0,13.0,0),(70.0,99.0,13.0,0),(74.0,99.0,14.0,0),(74.0,100.0,14.0,0),(75.0,100.0,14.0,0),(75.0,104.0,14.0,0),(74.0,104.0,14.0,0),(74.0,105.0,14.0,0),(70.0,105.0,14.0,0),(70.0,99.0,14.0,0),(73.0,98.0,15.0,0),(73.0,99.0,15.0,0),(75.0,99.0,15.0,0),(75.0,104.0,15.0,0),(74.0,104.0,15.0,0),(74.0,105.0,15.0,0),(71.0,105.0,15.0,0),(71.0,104.0,15.0,0),(70.0,104.0,15.0,0),(70.0,103.0,15.0,0),(69.0,103.0,15.0,0),(69.0,101.0,15.0,0),(70.0,101.0,15.0,0),(70.0,99.0,15.0,0),(72.0,99.0,15.0,0),(72.0,98.0,15.0,0),(75.0,99.0,16.0,0),(75.0,100.0,16.0,0),(76.0,100.0,16.0,0),(76.0,103.0,16.0,0),(75.0,103.0,16.0,0),(75.0,104.0,16.0,0),(70.0,104.0,16.0,0),(70.0,102.0,16.0,0),(69.0,102.0,16.0,0),(69.0,101.0,16.0,0),(70.0,101.0,16.0,0),(70.0,100.0,16.0,0),(71.0,100.0,16.0,0),(71.0,99.0,16.0,0),(75.0,99.0,17.0,0),(75.0,100.0,17.0,0),(76.0,100.0,17.0,0),(76.0,103.0,17.0,0),(75.0,103.0,17.0,0),(75.0,104.0,17.0,0),(71.0,104.0,17.0,0),(71.0,103.0,17.0,0),(70.0,103.0,17.0,0),(70.0,100.0,17.0,0),(71.0,100.0,17.0,0),(71.0,99.0,17.0,0),(76.0,100.0,18.0,0),(76.0,103.0,18.0,0),(71.0,103.0,18.0,0),(71.0,102.0,18.0,0),(70.0,102.0,18.0,0),(70.0,101.0,18.0,0),(71.0,101.0,18.0,0),(71.0,100.0,18.0,0)	(70.5,99.5,13.0,558),(71.5,99.5,13.0,592),(72.5,99.5,13.0,562),(70.5,100.5,13.0,577),(71.5,100.5,13.0,579),(72.5,100.5,13.0,566),(73.5,100.5,13.0,587),(70.5,101.5,13.0,573),(71.5,101.5,13.0,576),(72.5,101.5,13.0,568),(73.5,101.5,13.0,583),(74.5,101.5,13.0,585),(70.5,102.5,13.0,584),(71.5,102.5,13.0,592),(72.5,102.5,13.0,580),(73.5,102.5,13.0,563),(74.5,102.5,13.0,585),(71.5,103.5,13.0,575),(72.5,103.5,13.0,579),(73.5,103.5,13.0,580),(71.5,104.5,13.0,595),(72.5,104.5,13.0,581),(70.5,99.5,14.0,595),(71.5,99.5,14.0,562),(72.5,99.5,14.0,569),(73.5,99.5,14.0,567),(70.5,100.5,14.0,594),(71.5,100.5,14.0,580),(72.5,100.5,14.0,582),(73.5,100.5,14.0,580),(74.5,100.5,14.0,574),(70.5,101.5,14.0,575),(71.5,101.5,14.0,572),(72.5,101.5,14.0,580),(73.5,101.5,14.0,589),(74.5,101.5,14.0,590),(70.5,102.5,14.0,577),(71.5,102.5,14.0,572),(72.5,102.5,14.0,555),(73.5,102.5,14.0,590),(74.5,102.5,14.0,555),(70.5,103.5,14.0,589),(71.5,103.5,14.0,565),(72.5,103.5,14.0,570),(73.5,103.5,14.0,574),(74.5,103.5,14.0,555),(70.5,104.5,14.0,577),(71.5,104.5,14.0,578),(72.5,104.5,14.0,586),(73.5,104.5,14.0,568),(72.5,98.5,15.0,573),(70.5,99.5,15.0,579),(71.5,99.5,15.0,598),(72.5,99.5,15.0,561),(73.5,99.5,15.0,558),(74.5,99.5,15.0,565),(70.5,100.5,15.0,589),(71.5,100.5,15.0,554),(72.5,100.5,15.0,574),(73.5,100.5,15.0,583),(74.5,100.5,15.0,559),(69.5,101.5,15.0,545),(70.5,101.5,15.0,590),(71.5,101.5,15.0,585),(72.5,101.5,15.0,575),(73.5,101.5,15.0,568),(74.5,101.5,15.0,572),(69.5,102.5,15.0,595),(70.5,102.5,15.0,572),(71.5,102.5,15.0,579),(72.5,102.5,15.0,566),(73.5,102.5,15.0,588),(74.5,102.5,15.0,583),(70.5,103.5,15.0,580),(71.5,103.5,15.0,573),(72.5,103.5,15.0,569),(73.5,103.5,15.0,562),(74.5,103.5,15.0,544),(71.5,104.5,15.0,570),(72.5,104.5,15.0,562),(73.5,104.5,15.0,563),(71.5,99.5,16.0,575),(72.5,99.5,16.0,562),(73.5,99.5,16.0,560),(74.5,99.5,16.0,599),(70.5,100.5,16.0,568),(71.5,100.5,16.0,586),(72.5,100.5,16.0,567),(73.5,100.5,16.0,558),(74.5,100.5,16.0,582),(75.5,100.5,16.0,582),(69.5,101.5,16.0,581),(70.5,101.5,16.0,577),(71.5,101.5,16.0,578),(72.5,101.5,16.0,590),(73.5,101.5,16.0,563),(74.5,101.5,16.0,577),(75.5,101.5,16.0,570),(70.5,102.5,16.0,569),(71.5,102.5,16.0,568),(72.5,102.5,16.0,575),(73.5,102.5,16.0,577),(74.5,102.5,16.0,591),(75.5,102.5,16.0,594),(70.5,103.5,16.0,578),(71.5,103.5,16.0,558),(72.5,103.5,16.0,558),(73.5,103.5,16.0,572),(74.5,103.5,16.0,591),(71.5,99.5,17.0,576),(72.5,99.5,17.0,594),(73.5,99.5,17.0,588),(74.5,99.5,17.0,568),(70.5,100.5,17.0,567),(71.5,100.5,17.0,584),(72.5,100.5,17.0,567),(73.5,100.5,17.0,562),(74.5,100.5,17.0,560),(75.5,100.5,17.0,570),(70.5,101.5,17.0,570),(71.5,101.5,17.0,568),(72.5,101.5,17.0,563),(73.5,101.5,17.0,573),(74.5,101.5,17.0,576),(75.5,101.5,17.0,563),(70.5,102.5,17.0,562),(71.5,102.5,17.0,580),(72.5,102.5,17.0,568),(73.5,102.5,17.0,582),(74.5,102.5,17.0,583),(75.5,102.5,17.0,575),(71.5,103.5,17.0,579),(72.5,103.5,17.0,563),(73.5,103.5,17.0,576),(74.5,103.5,17.0,560),(71.5,100.5,18.0,565),(72.5,100.5,18.0,575),(73.5,100.5,18.0,602),(74.5,100.5,18.0,573),(75.5,100.5,18.0,596),(70.5,101.5,18.0,567),(71.5,101.5,18.0,563),(72.5,101.5,18.0,587),(73.5,101.5,18.0,579),(74.5,101.5,18.0,581),(75.5,101.5,18.0,569),(71.5,102.5,18.0,585),(72.5,102.5,18.0,584),(73.5,102.5,18.0,561),(74.5,102.5,18.0,549),(75.5,102.5,18.0,580)
atp16cy3c1-3	85.62195,66.67073,14.804878,0	85.25121,66.631966,14.706561,577	282.0	162940	(84.0,67.0,12.0,0),(84.0,68.0,12.0,0),(83.0,68.0,12.0,0),(83.0,70.0,12.0,0),(82.0,70.0,12.0,0),(82.0,71.0,12.0,0),(81.0,71.0,12.0,0),(81.0,67.0,12.0,0),(88.0,63.0,13.0,0),(88.0,64.0,13.0,0),(89.0,64.0,13.0,0),(89.0,67.0,13.0,0),(88.0,67.0,13.0,0),(88.0,68.0,13.0,0),(86.0,68.0,13.0,0),(86.0,69.0,13.0,0),(85.0,69.0,13.0,0),(85.0,70.0,13.0,0),(84.0,70.0,13.0,0),(84.0,71.0,13.0,0),(81.0,71.0,13.0,0),(81.0,70.0,13.0,0),(80.0,70.0,13.0,0),(80.0,67.0,13.0,0),(81.0,67.0,13.0,0),(81.0,66.0,13.0,0),(83.0,66.0,13.0,0),(83.0,65.0,13.0,0),(84.0,65.0,13.0,0),(84.0,64.0,13.0,0),(85.0,64.0,13.0,0),(85.0,63.0,13.0,0),(87.0,64.0,12.0,0),(87.0,65.0,12.0,0),(86.0,65.0,12.0,0),(86.0,64.0,12.0,0),(88.0,63.0,13.0,0),(88.0,64.0,13.0,0),(89.0,64.0,13.0,0),(89.0,67.0,13.0,0),(88.0,67.0,13.0,0),(88.0,68.0,13.0,0),(86.0,68.0,13.0,0),(86.0,69.0,13.0,0),(85.0,69.0,13.0,0),(85.0,70.0,13.0,0),(84.0,70.0,13.0,0),(84.0,71.0,13.0,0),(81.0,71.0,13.0,0),(81.0,70.0,13.0,0),(80.0,70.0,13.0,0),(80.0,67.0,13.0,0),(81.0,67.0,13.0,0),(81.0,66.0,13.0,0),(83.0,66.0,13.0,0),(83.0,65.0,13.0,0),(84.0,65.0,13.0,0),(84.0,64.0,13.0,0),(85.0,64.0,13.0,0),(85.0,63.0,13.0,0),(88.0,63.0,14.0,0),(88.0,64.0,14.0,0),(89.0,64.0,14.0,0),(89.0,68.0,14.0,0),(86.0,68.0,14.0,0),(86.0,69.0,14.0,0),(85.0,69.0,14.0,0),(85.0,70.0,14.0,0),(84.0,70.0,14.0,0),(84.0,71.0,14.0,0),(81.0,71.0,14.0,0),(81.0,70.0,14.0,0),(80.0,70.0,14.0,0),(80.0,67.0,14.0,0),(81.0,67.0,14.0,0),(81.0,66.0,14.0,0),(84.0,66.0,14.0,0),(84.0,64.0,14.0,0),(85.0,64.0,14.0,0),(85.0,63.0,14.0,0),(89.0,63.0,15.0,0),(89.0,65.0,15.0,0),(90.0,65.0,15.0,0),(90.0,66.0,15.0,0),(89.0,66.0,15.0,0),(89.0,67.0,15.0,0),(88.0,67.0,15.0,0),(88.0,68.0,15.0,0),(85.0,68.0,15.0,0),(85.0,70.0,15.0,0),(83.0,70.0,15.0,0),(83.0,71.0,15.0,0),(81.0,71.0,15.0,0),(81.0,70.0,15.0,0),(80.0,70.0,15.0,0),(80.0,67.0,15.0,0),(81.0,67.0,15.0,0),(81.0,66.0,15.0,0),(84.0,66.0,15.0,0),(84.0,64.0,15.0,0),(85.0,64.0,15.0,0),(85.0,63.0,15.0,0),(90.0,63.0,16.0,0),(90.0,66.0,16.0,0),(89.0,66.0,16.0,0),(89.0,67.0,16.0,0),(88.0,67.0,16.0,0),(88.0,68.0,16.0,0),(85.0,68.0,16.0,0),(85.0,70.0,16.0,0),(81.0,70.0,16.0,0),(81.0,69.0,16.0,0),(80.0,69.0,16.0,0),(80.0,68.0,16.0,0),(81.0,68.0,16.0,0),(81.0,66.0,16.0,0),(84.0,66.0,16.0,0),(84.0,64.0,16.0,0),(85.0,64.0,16.0,0),(85.0,63.0,16.0,0),(88.0,62.0,17.0,0),(88.0,63.0,17.0,0),(90.0,63.0,17.0,0),(90.0,64.0,17.0,0),(92.0,64.0,17.0,0),(92.0,63.0,17.0,0),(93.0,63.0,17.0,0),(93.0,65.0,17.0,0),(94.0,65.0,17.0,0),(94.0,66.0,17.0,0),(92.0,66.0,17.0,0),(92.0,67.0,17.0,0),(91.0,67.0,17.0,0),(91.0,66.0,17.0,0),(90.0,66.0,17.0,0),(90.0,67.0,17.0,0),(88.0,67.0,17.0,0),(88.0,68.0,17.0,0),(86.0,68.0,17.0,0),(86.0,67.0,17.0,0),(85.0,67.0,17.0,0),(85.0,69.0,17.0,0),(81.0,69.0,17.0,0),(81.0,68.0,17.0,0),(82.0,68.0,17.0,0),(82.0,66.0,17.0,0),(84.0,66.0,17.0,0),(84.0,63.0,17.0,0),(87.0,63.0,17.0,0),(87.0,62.0,17.0,0),(89.0,64.0,18.0,0),(89.0,66.0,18.0,0),(88.0,66.0,18.0,0),(88.0,67.0,18.0,0),(87.0,67.0,18.0,0),(87.0,66.0,18.0,0),(86.0,66.0,18.0,0),(86.0,64.0,18.0,0),(93.0,64.0,18.0,0),(93.0,67.0,18.0,0),(92.0,67.0,18.0,0),(92.0,66.0,18.0,0),(91.0,66.0,18.0,0),(91.0,64.0,18.0,0)	(81.5,67.5,12.0,568),(82.5,67.5,12.0,589),(83.5,67.5,12.0,571),(81.5,68.5,12.0,579),(82.5,68.5,12.0,578),(81.5,69.5,12.0,575),(82.5,69.5,12.0,576),(81.5,70.5,12.0,601),(85.5,63.5,13.0,581),(86.5,63.5,13.0,587),(87.5,63.5,13.0,570),(84.5,64.5,13.0,585),(85.5,64.5,13.0,584),(86.5,64.5,13.0,579),(87.5,64.5,13.0,557),(88.5,64.5,13.0,580),(83.5,65.5,13.0,583),(84.5,65.5,13.0,585),(85.5,65.5,13.0,572),(86.5,65.5,13.0,581),(87.5,65.5,13.0,598),(88.5,65.5,13.0,597),(81.5,66.5,13.0,592),(82.5,66.5,13.0,580),(83.5,66.5,13.0,563),(84.5,66.5,13.0,585),(85.5,66.5,13.0,571),(86.5,66.5,13.0,599),(87.5,66.5,13.0,599),(88.5,66.5,13.0,593),(80.5,67.5,13.0,599),(81.5,67.5,13.0,575),(82.5,67.5,13.0,579),(83.5,67.5,13.0,580),(84.5,67.5,13.0,618),(85.5,67.5,13.0,570),(86.5,67.5,13.0,581),(87.5,67.5,13.0,605),(80.5,68.5,13.0,581),(81.5,68.5,13.0,595),(82.5,68.5,13.0,581),(83.5,68.5,13.0,579),(84.5,68.5,13.0,592),(85.5,68.5,13.0,609),(80.5,69.5,13.0,576),(81.5,69.5,13.0,560),(82.5,69.5,13.0,584),(83.5,69.5,13.0,570),(84.5,69.5,13.0,593),(81.5,70.5,13.0,586),(82.5,70.5,13.0,585),(83.5,70.5,13.0,566),(86.5,64.5,12.0,568),(85.5,63.5,13.0,581),(86.5,63.5,13.0,587),(87.5,63.5,13.0,570),(84.5,64.5,13.0,585),(85.5,64.5,13.0,584),(86.5,64.5,13.0,579),(87.5,64.5,13.0,557),(88.5,64.5,13.0,580),(83.5,65.5,13.0,583),(84.5,65.5,13.0,585),(85.5,65.5,13.0,572),(86.5,65.5,13.0,581),(87.5,65.5,13.0,598),(88.5,65.5,13.0,597),(81.5,66.5,13.0,592),(82.5,66.5,13.0,580),(83.5,66.5,13.0,563),(84.5,66.5,13.0,585),(85.5,66.5,13.0,571),(86.5,66.5,13.0,599),(87.5,66.5,13.0,599),(88.5,66.5,13.0,593),(80.5,67.5,13.0,599),(81.5,67.5,13.0,575),(82.5,67.5,13.0,579),(83.5,67.5,13.0,580),(84.5,67.5,13.0,618),(85.5,67.5,13.0,570),(86.5,67.5,13.0,581),(87.5,67.5,13.0,605),(80.5,68.5,13.0,581),(81.5,68.5,13.0,595),(82.5,68.5,13.0,581),(83.5,68.5,13.0,579),(84.5,68.5,13.0,592),(85.5,68.5,13.0,609),(80.5,69.5,13.0,576),(81.5,69.5,13.0,560),(82.5,69.5,13.0,584),(83.5,69.5,13.0,570),(84.5,69.5,13.0,593),(81.5,70.5,13.0,586),(82.5,70.5,13.0,585),(83.5,70.5,13.0,566),(85.5,63.5,14.0,578),(86.5,63.5,14.0,596),(87.5,63.5,14.0,593),(84.5,64.5,14.0,574),(85.5,64.5,14.0,574),(86.5,64.5,14.0,576),(87.5,64.5,14.0,567),(88.5,64.5,14.0,597),(84.5,65.5,14.0,590),(85.5,65.5,14.0,582),(86.5,65.5,14.0,611),(87.5,65.5,14.0,574),(88.5,65.5,14.0,580),(81.5,66.5,14.0,572),(82.5,66.5,14.0,555),(83.5,66.5,14.0,590),(84.5,66.5,14.0,555),(85.5,66.5,14.0,593),(86.5,66.5,14.0,577),(87.5,66.5,14.0,604),(88.5,66.5,14.0,594),(80.5,67.5,14.0,589),(81.5,67.5,14.0,565),(82.5,67.5,14.0,570),(83.5,67.5,14.0,574),(84.5,67.5,14.0,555),(85.5,67.5,14.0,582),(86.5,67.5,14.0,573),(87.5,67.5,14.0,593),(88.5,67.5,14.0,583),(80.5,68.5,14.0,577),(81.5,68.5,14.0,578),(82.5,68.5,14.0,586),(83.5,68.5,14.0,568),(84.5,68.5,14.0,557),(85.5,68.5,14.0,552),(80.5,69.5,14.0,570),(81.5,69.5,14.0,576),(82.5,69.5,14.0,562),(83.5,69.5,14.0,543),(84.5,69.5,14.0,581),(81.5,70.5,14.0,590),(82.5,70.5,14.0,572),(83.5,70.5,14.0,569),(85.5,63.5,15.0,579),(86.5,63.5,15.0,593),(87.5,63.5,15.0,584),(88.5,63.5,15.0,580),(84.5,64.5,15.0,558),(85.5,64.5,15.0,565),(86.5,64.5,15.0,589),(87.5,64.5,15.0,601),(88.5,64.5,15.0,565),(84.5,65.5,15.0,583),(85.5,65.5,15.0,559),(86.5,65.5,15.0,585),(87.5,65.5,15.0,571),(88.5,65.5,15.0,561),(89.5,65.5,15.0,553),(81.5,66.5,15.0,590),(82.5,66.5,15.0,585),(83.5,66.5,15.0,575),(84.5,66.5,15.0,568),(85.5,66.5,15.0,572),(86.5,66.5,15.0,578),(87.5,66.5,15.0,570),(88.5,66.5,15.0,570),(80.5,67.5,15.0,595),(81.5,67.5,15.0,572),(82.5,67.5,15.0,579),(83.5,67.5,15.0,566),(84.5,67.5,15.0,588),(85.5,67.5,15.0,583),(86.5,67.5,15.0,559),(87.5,67.5,15.0,573),(80.5,68.5,15.0,570),(81.5,68.5,15.0,580),(82.5,68.5,15.0,573),(83.5,68.5,15.0,569),(84.5,68.5,15.0,562),(80.5,69.5,15.0,569),(81.5,69.5,15.0,589),(82.5,69.5,15.0,570),(83.5,69.5,15.0,562),(84.5,69.5,15.0,563),(81.5,70.5,15.0,574),(82.5,70.5,15.0,570),(85.5,63.5,16.0,599),(86.5,63.5,16.0,580),(87.5,63.5,16.0,549),(88.5,63.5,16.0,569),(89.5,63.5,16.0,563),(84.5,64.5,16.0,558),(85.5,64.5,16.0,582),(86.5,64.5,16.0,582),(87.5,64.5,16.0,572),(88.5,64.5,16.0,568),(89.5,64.5,16.0,575),(84.5,65.5,16.0,563),(85.5,65.5,16.0,577),(86.5,65.5,16.0,570),(87.5,65.5,16.0,586),(88.5,65.5,16.0,576),(89.5,65.5,16.0,564),(81.5,66.5,16.0,569),(82.5,66.5,16.0,568),(83.5,66.5,16.0,575),(84.5,66.5,16.0,577),(85.5,66.5,16.0,591),(86.5,66.5,16.0,594),(87.5,66.5,16.0,594),(88.5,66.5,16.0,562),(81.5,67.5,16.0,578),(82.5,67.5,16.0,558),(83.5,67.5,16.0,558),(84.5,67.5,16.0,572),(85.5,67.5,16.0,591),(86.5,67.5,16.0,559),(87.5,67.5,16.0,561),(80.5,68.5,16.0,586),(81.5,68.5,16.0,605),(82.5,68.5,16.0,583),(83.5,68.5,16.0,544),(84.5,68.5,16.0,570),(81.5,69.5,16.0,582),(82.5,69.5,16.0,544),(83.5,69.5,16.0,564),(84.5,69.5,16.0,581),(87.5,62.5,17.0,578),(84.5,63.5,17.0,562),(85.5,63.5,17.0,560),(86.5,63.5,17.0,570),(87.5,63.5,17.0,581),(88.5,63.5,17.0,558),(89.5,63.5,17.0,562),(92.5,63.5,17.0,584),(84.5,64.5,17.0,573),(85.5,64.5,17.0,576),(86.5,64.5,17.0,563),(87.5,64.5,17.0,577),(88.5,64.5,17.0,569),(89.5,64.5,17.0,583),(90.5,64.5,17.0,559),(91.5,64.5,17.0,563),(92.5,64.5,17.0,567),(84.5,65.5,17.0,582),(85.5,65.5,17.0,583),(86.5,65.5,17.0,575),(87.5,65.5,17.0,569),(88.5,65.5,17.0,590),(89.5,65.5,17.0,587),(90.5,65.5,17.0,572),(91.5,65.5,17.0,585),(92.5,65.5,17.0,579),(93.5,65.5,17.0,591),(82.5,66.5,17.0,579),(83.5,66.5,17.0,563),(84.5,66.5,17.0,576),(85.5,66.5,17.0,560),(86.5,66.5,17.0,548),(87.5,66.5,17.0,560),(88.5,66.5,17.0,613),(89.5,66.5,17.0,580),(91.5,66.5,17.0,583),(82.5,67.5,17.0,580),(83.5,67.5,17.0,579),(84.5,67.5,17.0,591),(86.5,67.5,17.0,577),(87.5,67.5,17.0,555),(81.5,68.5,17.0,583),(82.5,68.5,17.0,576),(83.5,68.5,17.0,582),(84.5,68.5,17.0,584),(86.5,64.5,18.0,590),(87.5,64.5,18.0,565),(88.5,64.5,18.0,575),(86.5,65.5,18.0,567),(87.5,65.5,18.0,563),(88.5,65.5,18.0,587),(87.5,66.5,18.0,585),(91.5,64.5,18.0,590),(92.5,64.5,18.0,565),(91.5,65.5,18.0,567),(92.5,65.5,18.0,563),(92.5,66.5,18.0,585)
atp16cy3c1-32	56.095238,72.09524,33.190475,0	55.95844,71.91923,33.28576,562	50.0	28104	(57.0,72.0,31.0,0),(57.0,74.0,31.0,0),(56.0,74.0,31.0,0),(56.0,72.0,31.0,0),(57.0,70.0,32.0,0),(57.0,71.0,32.0,0),(58.0,71.0,32.0,0),(58.0,73.0,32.0,0),(57.0,73.0,32.0,0),(57.0,74.0,32.0,0),(55.0,74.0,32.0,0),(55.0,73.0,32.0,0),(54.0,73.0,32.0,0),(54.0,71.0,32.0,0),(55.0,71.0,32.0,0),(55.0,70.0,32.0,0),(57.0,70.0,33.0,0),(57.0,71.0,33.0,0),(58.0,71.0,33.0,0),(58.0,73.0,33.0,0),(57.0,73.0,33.0,0),(57.0,74.0,33.0,0),(54.0,74.0,33.0,0),(54.0,70.0,33.0,0),(58.0,70.0,34.0,0),(58.0,73.0,34.0,0),(57.0,73.0,34.0,0),(57.0,74.0,34.0,0),(55.0,74.0,34.0,0),(55.0,73.0,34.0,0),(54.0,73.0,34.0,0),(54.0,70.0,34.0,0),(57.0,70.0,35.0,0),(57.0,72.0,35.0,0),(58.0,72.0,35.0,0),(58.0,73.0,35.0,0),(55.0,73.0,35.0,0),(55.0,72.0,35.0,0),(54.0,72.0,35.0,0),(54.0,71.0,35.0,0),(55.0,71.0,35.0,0),(55.0,70.0,35.0,0)	(56.5,72.5,31.0,536),(56.5,73.5,31.0,564),(55.5,70.5,32.0,565),(56.5,70.5,32.0,564),(54.5,71.5,32.0,568),(55.5,71.5,32.0,568),(56.5,71.5,32.0,565),(57.5,71.5,32.0,568),(54.5,72.5,32.0,567),(55.5,72.5,32.0,570),(56.5,72.5,32.0,559),(57.5,72.5,32.0,557),(55.5,73.5,32.0,561),(56.5,73.5,32.0,560),(54.5,70.5,33.0,568),(55.5,70.5,33.0,552),(56.5,70.5,33.0,532),(54.5,71.5,33.0,569),(55.5,71.5,33.0,555),(56.5,71.5,33.0,566),(57.5,71.5,33.0,529),(54.5,72.5,33.0,559),(55.5,72.5,33.0,563),(56.5,72.5,33.0,581),(57.5,72.5,33.0,554),(54.5,73.5,33.0,550),(55.5,73.5,33.0,560),(56.5,73.5,33.0,539),(54.5,70.5,34.0,567),(55.5,70.5,34.0,563),(56.5,70.5,34.0,564),(57.5,70.5,34.0,568),(54.5,71.5,34.0,564),(55.5,71.5,34.0,541),(56.5,71.5,34.0,572),(57.5,71.5,34.0,547),(54.5,72.5,34.0,553),(55.5,72.5,34.0,568),(56.5,72.5,34.0,567),(57.5,72.5,34.0,583),(55.5,73.5,34.0,552),(56.5,73.5,34.0,598),(55.5,70.5,35.0,565),(56.5,70.5,35.0,560),(54.5,71.5,35.0,570),(55.5,71.5,35.0,588),(56.5,71.5,35.0,600),(55.5,72.5,35.0,551),(56.5,72.5,35.0,548),(57.5,72.5,35.0,566)
atp16cy3c1-31	70.40909,61.454544,33.5,0	70.830154,61.237846,33.198364,561	76.0	42689	(72.0,60.0,31.0,0),(72.0,63.0,31.0,0),(70.0,63.0,31.0,0),(70.0,60.0,31.0,0),(73.0,59.0,32.0,0),(73.0,63.0,32.0,0),(72.0,63.0,32.0,0),(72.0,64.0,32.0,0),(69.0,64.0,32.0,0),(69.0,59.0,32.0,0),(73.0,59.0,33.0,0),(73.0,63.0,33.0,0),(72.0,63.0,33.0,0),(72.0,64.0,33.0,0),(70.0,64.0,33.0,0),(70.0,63.0,33.0,0),(69.0,63.0,33.0,0),(69.0,62.0,33.0,0),(68.0,62.0,33.0,0),(68.0,61.0,33.0,0),(69.0,61.0,33.0,0),(69.0,59.0,33.0,0),(73.0,59.0,34.0,0),(73.0,63.0,34.0,0),(69.0,63.0,34.0,0),(69.0,62.0,34.0,0),(68.0,62.0,34.0,0),(68.0,60.0,34.0,0),(69.0,60.0,34.0,0),(69.0,59.0,34.0,0),(72.0,59.0,35.0,0),(72.0,60.0,35.0,0),(73.0,60.0,35.0,0),(73.0,62.0,35.0,0),(72.0,62.0,35.0,0),(72.0,63.0,35.0,0),(69.0,63.0,35.0,0),(69.0,62.0,35.0,0),(68.0,62.0,35.0,0),(68.0,61.0,35.0,0),(69.0,61.0,35.0,0),(69.0,60.0,35.0,0),(70.0,60.0,35.0,0),(70.0,59.0,35.0,0)	(70.5,60.5,31.0,536),(71.5,60.5,31.0,556),(70.5,61.5,31.0,564),(71.5,61.5,31.0,565),(70.5,62.5,31.0,564),(71.5,62.5,31.0,551),(69.5,59.5,32.0,560),(70.5,59.5,32.0,565),(71.5,59.5,32.0,564),(72.5,59.5,32.0,578),(69.5,60.5,32.0,568),(70.5,60.5,32.0,568),(71.5,60.5,32.0,565),(72.5,60.5,32.0,568),(69.5,61.5,32.0,567),(70.5,61.5,32.0,570),(71.5,61.5,32.0,559),(72.5,61.5,32.0,557),(69.5,62.5,32.0,561),(70.5,62.5,32.0,561),(71.5,62.5,32.0,560),(72.5,62.5,32.0,566),(69.5,63.5,32.0,580),(70.5,63.5,32.0,560),(71.5,63.5,32.0,562),(69.5,59.5,33.0,552),(70.5,59.5,33.0,532),(71.5,59.5,33.0,558),(72.5,59.5,33.0,570),(69.5,60.5,33.0,555),(70.5,60.5,33.0,566),(71.5,60.5,33.0,529),(72.5,60.5,33.0,559),(68.5,61.5,33.0,559),(69.5,61.5,33.0,563),(70.5,61.5,33.0,581),(71.5,61.5,33.0,554),(72.5,61.5,33.0,553),(69.5,62.5,33.0,560),(70.5,62.5,33.0,539),(71.5,62.5,33.0,578),(72.5,62.5,33.0,555),(70.5,63.5,33.0,575),(71.5,63.5,33.0,556),(69.5,59.5,34.0,563),(70.5,59.5,34.0,564),(71.5,59.5,34.0,568),(72.5,59.5,34.0,565),(68.5,60.5,34.0,564),(69.5,60.5,34.0,541),(70.5,60.5,34.0,572),(71.5,60.5,34.0,547),(72.5,60.5,34.0,543),(68.5,61.5,34.0,553),(69.5,61.5,34.0,568),(70.5,61.5,34.0,567),(71.5,61.5,34.0,583),(72.5,61.5,34.0,581),(69.5,62.5,34.0,552),(70.5,62.5,34.0,598),(71.5,62.5,34.0,568),(72.5,62.5,34.0,564),(70.5,59.5,35.0,560),(71.5,59.5,35.0,572),(69.5,60.5,35.0,588),(70.5,60.5,35.0,600),(71.5,60.5,35.0,550),(72.5,60.5,35.0,575),(68.5,61.5,35.0,547),(69.5,61.5,35.0,551),(70.5,61.5,35.0,548),(71.5,61.5,35.0,566),(72.5,61.5,35.0,544),(69.5,62.5,35.0,549),(70.5,62.5,35.0,558),(71.5,62.5,35.0,551)
atp16cy3c1-13	67.45,34.7,22.1,0	67.54107,34.89833,22.03836,564	55.0	31047	(68.0,34.0,20.0,0),(68.0,36.0,20.0,0),(66.0,36.0,20.0,0),(66.0,34.0,20.0,0),(69.0,33.0,21.0,0),(69.0,37.0,21.0,0),(66.0,37.0,21.0,0),(66.0,36.0,21.0,0),(65.0,36.0,21.0,0),(65.0,34.0,21.0,0),(66.0,34.0,21.0,0),(66.0,33.0,21.0,0),(68.0,32.0,22.0,0),(68.0,33.0,22.0,0),(70.0,33.0,22.0,0),(70.0,36.0,22.0,0),(69.0,36.0,22.0,0),(69.0,37.0,22.0,0),(66.0,37.0,22.0,0),(66.0,36.0,22.0,0),(65.0,36.0,22.0,0),(65.0,34.0,22.0,0),(66.0,34.0,22.0,0),(66.0,33.0,22.0,0),(67.0,33.0,22.0,0),(67.0,32.0,22.0,0),(69.0,33.0,23.0,0),(69.0,34.0,23.0,0),(70.0,34.0,23.0,0),(70.0,36.0,23.0,0),(69.0,36.0,23.0,0),(69.0,37.0,23.0,0),(66.0,37.0,23.0,0),(66.0,33.0,23.0,0),(68.0,33.0,24.0,0),(68.0,34.0,24.0,0),(69.0,34.0,24.0,0),(69.0,36.0,24.0,0),(67.0,36.0,24.0,0),(67.0,33.0,24.0,0)	(66.5,34.5,20.0,559),(67.5,34.5,20.0,561),(66.5,35.5,20.0,577),(67.5,35.5,20.0,567),(66.5,33.5,21.0,555),(67.5,33.5,21.0,588),(68.5,33.5,21.0,553),(65.5,34.5,21.0,545),(66.5,34.5,21.0,590),(67.5,34.5,21.0,552),(68.5,34.5,21.0,576),(65.5,35.5,21.0,553),(66.5,35.5,21.0,556),(67.5,35.5,21.0,547),(68.5,35.5,21.0,558),(66.5,36.5,21.0,552),(67.5,36.5,21.0,572),(68.5,36.5,21.0,567),(67.5,32.5,22.0,580),(66.5,33.5,22.0,581),(67.5,33.5,22.0,562),(68.5,33.5,22.0,565),(69.5,33.5,22.0,572),(65.5,34.5,22.0,579),(66.5,34.5,22.0,557),(67.5,34.5,22.0,573),(68.5,34.5,22.0,552),(69.5,34.5,22.0,554),(65.5,35.5,22.0,532),(66.5,35.5,22.0,567),(67.5,35.5,22.0,572),(68.5,35.5,22.0,576),(69.5,35.5,22.0,571),(66.5,36.5,22.0,566),(67.5,36.5,22.0,564),(68.5,36.5,22.0,556),(66.5,33.5,23.0,545),(67.5,33.5,23.0,542),(68.5,33.5,23.0,571),(66.5,34.5,23.0,567),(67.5,34.5,23.0,566),(68.5,34.5,23.0,567),(69.5,34.5,23.0,573),(66.5,35.5,23.0,561),(67.5,35.5,23.0,593),(68.5,35.5,23.0,567),(69.5,35.5,23.0,575),(66.5,36.5,23.0,563),(67.5,36.5,23.0,575),(68.5,36.5,23.0,532),(67.5,33.5,24.0,565),(67.5,34.5,24.0,557),(68.5,34.5,24.0,561),(67.5,35.5,24.0,562),(68.5,35.5,24.0,598)
atp16cy3c1-18	98.72,113.48,22.76,0	98.87879,113.48817,22.945446,566	74.0	41904	(99.0,112.0,21.0,0),(99.0,113.0,21.0,0),(100.0,113.0,21.0,0),(100.0,115.0,21.0,0),(97.0,115.0,21.0,0),(97.0,114.0,21.0,0),(96.0,114.0,21.0,0),(96.0,113.0,21.0,0),(95.0,113.0,21.0,0),(95.0,112.0,21.0,0),(100.0,111.0,22.0,0),(100.0,112.0,22.0,0),(101.0,112.0,22.0,0),(101.0,115.0,22.0,0),(100.0,115.0,22.0,0),(100.0,116.0,22.0,0),(97.0,116.0,22.0,0),(97.0,114.0,22.0,0),(96.0,114.0,22.0,0),(96.0,113.0,22.0,0),(97.0,113.0,22.0,0),(97.0,112.0,22.0,0),(98.0,112.0,22.0,0),(98.0,111.0,22.0,0),(101.0,111.0,23.0,0),(101.0,115.0,23.0,0),(100.0,115.0,23.0,0),(100.0,116.0,23.0,0),(97.0,116.0,23.0,0),(97.0,112.0,23.0,0),(98.0,112.0,23.0,0),(98.0,111.0,23.0,0),(101.0,111.0,24.0,0),(101.0,113.0,24.0,0),(102.0,113.0,24.0,0),(102.0,114.0,24.0,0),(101.0,114.0,24.0,0),(101.0,115.0,24.0,0),(100.0,115.0,24.0,0),(100.0,116.0,24.0,0),(98.0,116.0,24.0,0),(98.0,115.0,24.0,0),(97.0,115.0,24.0,0),(97.0,112.0,24.0,0),(98.0,112.0,24.0,0),(98.0,111.0,24.0,0),(101.0,112.0,25.0,0),(101.0,115.0,25.0,0),(98.0,115.0,25.0,0),(98.0,112.0,25.0,0)	(95.5,112.5,21.0,569),(96.5,112.5,21.0,555),(97.5,112.5,21.0,588),(98.5,112.5,21.0,553),(96.5,113.5,21.0,590),(97.5,113.5,21.0,552),(98.5,113.5,21.0,576),(99.5,113.5,21.0,561),(97.5,114.5,21.0,547),(98.5,114.5,21.0,558),(99.5,114.5,21.0,573),(98.5,111.5,22.0,580),(99.5,111.5,22.0,557),(97.5,112.5,22.0,581),(98.5,112.5,22.0,562),(99.5,112.5,22.0,565),(100.5,112.5,22.0,572),(96.5,113.5,22.0,579),(97.5,113.5,22.0,557),(98.5,113.5,22.0,573),(99.5,113.5,22.0,552),(100.5,113.5,22.0,554),(97.5,114.5,22.0,567),(98.5,114.5,22.0,572),(99.5,114.5,22.0,576),(100.5,114.5,22.0,571),(97.5,115.5,22.0,566),(98.5,115.5,22.0,564),(99.5,115.5,22.0,556),(98.5,111.5,23.0,542),(99.5,111.5,23.0,571),(100.5,111.5,23.0,547),(97.5,112.5,23.0,567),(98.5,112.5,23.0,566),(99.5,112.5,23.0,567),(100.5,112.5,23.0,573),(97.5,113.5,23.0,561),(98.5,113.5,23.0,593),(99.5,113.5,23.0,567),(100.5,113.5,23.0,575),(97.5,114.5,23.0,563),(98.5,114.5,23.0,575),(99.5,114.5,23.0,532),(100.5,114.5,23.0,572),(97.5,115.5,23.0,568),(98.5,115.5,23.0,579),(99.5,115.5,23.0,572),(98.5,111.5,24.0,550),(99.5,111.5,24.0,552),(100.5,111.5,24.0,582),(97.5,112.5,24.0,557),(98.5,112.5,24.0,561),(99.5,112.5,24.0,583),(100.5,112.5,24.0,572),(97.5,113.5,24.0,562),(98.5,113.5,24.0,598),(99.5,113.5,24.0,573),(100.5,113.5,24.0,553),(101.5,113.5,24.0,574),(97.5,114.5,24.0,555),(98.5,114.5,24.0,559),(99.5,114.5,24.0,564),(100.5,114.5,24.0,567),(98.5,115.5,24.0,593),(99.5,115.5,24.0,559),(98.5,112.5,25.0,552),(99.5,112.5,25.0,566),(100.5,112.5,25.0,577),(98.5,113.5,25.0,548),(99.5,113.5,25.0,551),(100.5,113.5,25.0,593),(98.5,114.5,25.0,563),(99.5,114.5,25.0,564),(100.5,114.5,25.0,560)
