# Generated by Corsen version UNKNOWN VERSION (UNKNOWN BUILT, UNKNOWN DATE)
# Generated on Tue Sep 02 15:38:13 GMT 2008
# Image file name: Unknown image file
# Image created on Unknown creation date
ParFileVersion=1.4
Width=0
Height=0
ZSlices=0
PixelWidth=1.0
PixelHeight=1.0
PixelDepth=1.0
UnitOfLength=
MinThreshold=0.0
MaxThreshold=0.0
Name	Center	Barycenter	Area	Volume	Sphericity	Intensity	Density	Median Circularity	Surface points	Inner points
cube-6	31.5,25.5,25.0,0	31.5,25.5,25.0,100	6.0	1.0	0.7236012545582676	200	200.0	0.0	(31.5,25.5,25.0,100)	(31.5,25.5,25.0,100)
cube-5	25.5,25.5,25.0,0	25.5,25.5,25.0,100	6.0	1.0	0.7236012545582676	200	200.0	0.0	(25.5,25.5,25.0,100)	(25.5,25.5,25.0,100)
cube-9	49.5,25.5,25.0,0	49.5,25.5,25.0,100	6.0	1.0	0.7236012545582676	200	200.0	0.0	(49.5,25.5,25.0,100)	(49.5,25.5,25.0,100)
cube-1	1.5,25.5,25.0,0	1.5,25.5,25.0,100	6.0	1.0	0.7236012545582676	200	200.0	0.0	(1.5,25.5,25.0,100)	(1.5,25.5,25.0,100)
cube-3	13.5,25.5,25.0,0	13.5,25.5,25.0,100	6.0	1.0	0.7236012545582676	200	200.0	0.0	(13.5,25.5,25.0,100)	(13.5,25.5,25.0,100)
cube-4	19.5,25.5,25.0,0	19.5,25.5,25.0,100	6.0	1.0	0.7236012545582676	200	200.0	0.0	(19.5,25.5,25.0,100)	(19.5,25.5,25.0,100)
cube-2	7.5,25.5,25.0,0	7.5,25.5,25.0,100	6.0	1.0	0.7236012545582676	200	200.0	0.0	(7.5,25.5,25.0,100)	(7.5,25.5,25.0,100)
cube-8	43.5,25.5,25.0,0	43.5,25.5,25.0,100	6.0	1.0	0.7236012545582676	200	200.0	0.0	(43.5,25.5,25.0,100)	(43.5,25.5,25.0,100)
cube-7	37.5,25.5,25.0,0	37.5,25.5,25.0,100	6.0	1.0	0.7236012545582676	200	200.0	0.0	(37.5,25.5,25.0,100)	(37.5,25.5,25.0,100)
